Col#1   Time UTC (hrs) for June 27, 2023
Col#2   Total Scattering Coefficient at 450nm (1/Mm)
Col#3   Total Scattering Coefficient at 550nm (1/Mm)
Col#4   Total Scattering Coefficient at 700nm (1/Mm)

Note: -9999 is a filled value


   8.3333333e-03   2.5072060e+01   1.9155338e+01   1.6082613e+01
   2.5000000e-02  -9.9990000e+03  -9.9990000e+03  -9.9990000e+03
   4.1666667e-02  -9.9990000e+03  -9.9990000e+03  -9.9990000e+03
   5.8333333e-02  -9.9990000e+03  -9.9990000e+03  -9.9990000e+03
   7.5000000e-02  -9.9990000e+03  -9.9990000e+03  -9.9990000e+03
   9.1666667e-02  -9.9990000e+03  -9.9990000e+03  -9.9990000e+03
   1.0833333e-01   2.7301620e+01   2.0243488e+01   1.3997292e+01
   1.2500000e-01  -9.9990000e+03  -9.9990000e+03  -9.9990000e+03
   1.4166667e-01  -9.9990000e+03  -9.9990000e+03  -9.9990000e+03
   1.5833333e-01   1.8402325e+01   1.2194003e+01   6.2935758e+00
   1.7500000e-01   1.8686478e+01   1.2455681e+01   6.9657154e+00
   1.9166667e-01   1.8107515e+01   1.2179490e+01   6.5929432e+00
   2.0833333e-01   1.8842440e+01   1.2399561e+01   6.7210698e+00
   2.2500000e-01   1.8872108e+01   1.2031862e+01   6.5603738e+00
   2.4166667e-01   1.7757036e+01   1.2272228e+01   7.2469578e+00
   2.5833333e-01  -9.9990000e+03  -9.9990000e+03  -9.9990000e+03
   2.7500000e-01   2.7399206e+01   2.0673195e+01   1.5265749e+01
   2.9166667e-01   2.7373587e+01   2.0391325e+01   1.5457684e+01
   3.0833333e-01   2.7911625e+01   2.0660717e+01   1.4870176e+01
   3.2500000e-01   2.8216450e+01   2.1128191e+01   1.5099389e+01
   3.4166667e-01   2.7432442e+01   2.0550663e+01   1.5025920e+01
   3.5833333e-01   2.7355497e+01   2.0342264e+01   1.4473123e+01
   3.7500000e-01   2.7500988e+01   2.0058138e+01   1.3981014e+01
   3.9166667e-01   2.7416914e+01   2.0778814e+01   1.4276476e+01
   4.0833333e-01   2.7016439e+01   2.0407532e+01   1.4747433e+01
   4.2500000e-01   2.7912212e+01   2.0544697e+01   1.5083222e+01
   4.4166667e-01   2.7499992e+01   2.0250055e+01   1.4668105e+01
   4.5833333e-01   2.6789768e+01   2.0086847e+01   1.4707282e+01
   4.7500000e-01   2.6871599e+01   1.9947573e+01   1.5333702e+01
   4.9166667e-01   2.6877106e+01   2.0181963e+01   1.4718523e+01
   5.0833333e-01   2.7313627e+01   2.0249718e+01   1.4584012e+01
   5.2500000e-01   2.7205492e+01   2.0174576e+01   1.4008789e+01
   5.4166667e-01   2.6966820e+01   1.9879620e+01   1.4126222e+01
   5.5833333e-01   2.5991846e+01   1.9550097e+01   1.4220547e+01
   5.7500000e-01   2.7346109e+01   2.0282024e+01   1.4083202e+01
   5.9166667e-01   2.5534954e+01   1.9039637e+01   1.4065701e+01
   6.0833333e-01   2.6638884e+01   1.9642336e+01   1.3923498e+01
   6.2500000e-01   2.5749878e+01   1.9014877e+01   1.4810655e+01
   6.4166667e-01   2.6654865e+01   1.9351673e+01   1.3810226e+01
   6.5833333e-01   2.6420515e+01   1.9537340e+01   1.3586759e+01
   6.7500000e-01   2.6568960e+01   1.9826704e+01   1.4349771e+01
   6.9166667e-01   2.6047661e+01   1.9620604e+01   1.4106790e+01
   7.0833333e-01   2.6602072e+01   2.0128496e+01   1.4726730e+01
   7.2500000e-01   2.6557394e+01   1.9551777e+01   1.3947928e+01
   7.4166667e-01   2.6041750e+01   1.9360556e+01   1.3662049e+01
   7.5833333e-01   2.6019161e+01   1.9223291e+01   1.3663779e+01
   7.7500000e-01   2.6319977e+01   1.9764778e+01   1.4062108e+01
   7.9166667e-01   2.6231609e+01   1.9619225e+01   1.3679838e+01
   8.0833333e-01   2.6486937e+01   1.9401932e+01   1.4171495e+01
   8.2500000e-01   2.6827461e+01   2.0249676e+01   1.5531139e+01
   8.4166667e-01   2.7001406e+01   1.9769360e+01   1.3645202e+01
   8.5833333e-01   2.6910707e+01   1.9562742e+01   1.3190103e+01
   8.7500000e-01   2.6424902e+01   1.9749346e+01   1.4343256e+01
   8.9166667e-01   2.6360973e+01   1.9678102e+01   1.3844015e+01
   9.0833333e-01   2.6610603e+01   1.9413677e+01   1.3347859e+01
   9.2500000e-01   2.6460251e+01   1.8962860e+01   1.3357686e+01
   9.4166667e-01   2.6899130e+01   1.9350582e+01   1.3532566e+01
   9.5833333e-01   2.6468958e+01   2.0015694e+01   1.4564491e+01
   9.7500000e-01   2.6090757e+01   1.9099073e+01   1.3868826e+01
   9.9166667e-01   2.7527521e+01   1.9873629e+01   1.4385950e+01
   1.0083333e+00  -9.9990000e+03  -9.9990000e+03  -9.9990000e+03
   1.0250000e+00  -9.9990000e+03  -9.9990000e+03  -9.9990000e+03
   1.0416667e+00   1.8465031e+01   1.2684240e+01   6.7457910e+00
   1.0583333e+00   1.9142508e+01   1.2180083e+01   6.9134355e+00
   1.0750000e+00   1.8520761e+01   1.2391969e+01   6.7578006e+00
   1.0916667e+00   1.8388321e+01   1.2240709e+01   6.4563270e+00
   1.1083333e+00   1.8267822e+01   1.1816227e+01   6.4149656e+00
   1.1250000e+00  -9.9990000e+03  -9.9990000e+03  -9.9990000e+03
   1.1416667e+00  -9.9990000e+03  -9.9990000e+03  -9.9990000e+03
   1.1583333e+00   2.6233557e+01   1.9141428e+01   1.3480934e+01
   1.1750000e+00   2.7030539e+01   1.9992693e+01   1.4791047e+01
   1.1916667e+00   2.7762899e+01   2.0452179e+01   1.4008275e+01
   1.2083333e+00   2.6578825e+01   1.9893705e+01   1.3490188e+01
   1.2250000e+00   2.6347696e+01   1.9130150e+01   1.2636010e+01
   1.2416667e+00   2.6756916e+01   1.9335129e+01   1.3411860e+01
   1.2583333e+00  -9.9990000e+03  -9.9990000e+03  -9.9990000e+03
   1.2750000e+00  -9.9990000e+03  -9.9990000e+03  -9.9990000e+03
   1.2916667e+00   1.9568520e+01   1.2025699e+01   6.3983879e+00
   1.3083333e+00   2.0026461e+01   1.2391191e+01   6.8949633e+00
   1.3250000e+00   1.8747147e+01   1.1773613e+01   6.9916878e+00
   1.3416667e+00   1.9254709e+01   1.2648382e+01   6.7916093e+00
   1.3583333e+00   1.8980753e+01   1.2370223e+01   6.7122989e+00
   1.3750000e+00   1.8670866e+01   1.2783777e+01   6.4596229e+00
   1.3916667e+00   1.8625223e+01   1.2369402e+01   7.0884881e+00
   1.4083333e+00   1.9567913e+01   1.2197268e+01   6.5989389e+00
   1.4250000e+00   1.8798956e+01   1.2309239e+01   6.8032460e+00
   1.4416667e+00   1.8838898e+01   1.2471842e+01   6.4331574e+00
   1.4583333e+00   1.9974602e+01   1.2360634e+01   6.5762806e+00
   1.4750000e+00   1.8121489e+01   1.2146873e+01   6.3030696e+00
   1.4916667e+00   1.8704491e+01   1.2045338e+01   6.8633947e+00
   1.5083333e+00   1.9260241e+01   1.2258151e+01   6.7550178e+00
   1.5250000e+00   1.8344955e+01   1.2679741e+01   6.7819881e+00
   1.5416667e+00   1.8938381e+01   1.2504101e+01   6.4677725e+00
   1.5583333e+00   1.8511724e+01   1.2089647e+01   7.0293951e+00
   1.5750000e+00   1.8475479e+01   1.2282115e+01   7.1454248e+00
   1.5916667e+00   1.8911711e+01   1.2537939e+01   6.8260169e+00
   1.6083333e+00   1.9452166e+01   1.2688357e+01   6.4167767e+00
   1.6250000e+00   1.8856318e+01   1.2387410e+01   6.4991789e+00
   1.6416667e+00   1.8263498e+01   1.1855387e+01   6.7739201e+00
   1.6583333e+00   1.8666082e+01   1.2025971e+01   6.4773932e+00
   1.6750000e+00   1.8700056e+01   1.2268819e+01   6.5246015e+00
   1.6916667e+00   1.8909422e+01   1.2536265e+01   6.6211524e+00
   1.7083333e+00   1.9774721e+01   1.2412624e+01   6.7945938e+00
   1.7250000e+00   1.8934919e+01   1.1960344e+01   6.5387926e+00
   1.7416667e+00   1.9136637e+01   1.1887394e+01   6.7223864e+00
   1.7583333e+00   1.8556950e+01   1.2551764e+01   7.0731807e+00
   1.7750000e+00   1.8398413e+01   1.2205376e+01   6.7086544e+00
   1.7916667e+00   1.8539387e+01   1.1999618e+01   7.3521929e+00
   1.8083333e+00   1.8168024e+01   1.1915335e+01   6.8169947e+00
   1.8250000e+00   1.8119160e+01   1.1804104e+01   6.5259104e+00
   1.8416667e+00   1.8180286e+01   1.2902358e+01   7.0050292e+00
   1.8583333e+00   1.8730486e+01   1.2284186e+01   6.7677102e+00
   1.8750000e+00   1.9092066e+01   1.2737388e+01   6.8333602e+00
   1.8916667e+00   1.8727922e+01   1.1421345e+01   6.1261501e+00
   1.9083333e+00   1.8733290e+01   1.2209508e+01   6.6941166e+00
   1.9250000e+00   1.8441719e+01   1.1992419e+01   6.6262527e+00
   1.9416667e+00   1.8341093e+01   1.2231992e+01   6.6533256e+00
   1.9583333e+00   1.7927597e+01   1.1502339e+01   6.5939617e+00
   1.9750000e+00   1.7926250e+01   1.1669508e+01   6.6997328e+00
   1.9916667e+00   1.8465399e+01   1.2360083e+01   6.6128507e+00
   2.0083333e+00   1.7669004e+01   1.2098864e+01   6.6147833e+00
   2.0250000e+00   1.7614122e+01   1.1738768e+01   6.1303606e+00
   2.0416667e+00   1.7926815e+01   1.2170150e+01   6.6333885e+00
   2.0583333e+00   1.8156141e+01   1.1935645e+01   6.7232924e+00
   2.0750000e+00   1.8066776e+01   1.1644228e+01   6.5155506e+00
   2.0916667e+00   1.8749130e+01   1.2186832e+01   6.8998237e+00
   2.1083333e+00   1.7893106e+01   1.1707598e+01   6.5194039e+00
   2.1250000e+00  -9.9990000e+03  -9.9990000e+03  -9.9990000e+03
   2.1416667e+00  -9.9990000e+03  -9.9990000e+03  -9.9990000e+03
   2.1583333e+00   2.4735746e+01   1.8020811e+01   1.2338615e+01
   2.1750000e+00   2.5477524e+01   1.8820953e+01   1.3198312e+01
   2.1916667e+00   2.5550583e+01   1.8419302e+01   1.3245440e+01
   2.2083333e+00   2.4873137e+01   1.7931139e+01   1.2534417e+01
   2.2250000e+00   2.5370960e+01   1.8400423e+01   1.3510583e+01
   2.2416667e+00   2.5532625e+01   1.8128263e+01   1.2627600e+01
   2.2583333e+00  -9.9990000e+03  -9.9990000e+03  -9.9990000e+03
   2.2750000e+00  -9.9990000e+03  -9.9990000e+03  -9.9990000e+03
   2.2916667e+00   1.7752111e+01   1.1854491e+01   6.5313230e+00
   2.3083333e+00   1.7764786e+01   1.1643966e+01   6.3166323e+00
   2.3250000e+00   1.8588858e+01   1.1542394e+01   6.1731892e+00
   2.3416667e+00   1.8184885e+01   1.1869806e+01   7.0316000e+00
   2.3583333e+00   1.7724360e+01   1.1976570e+01   6.4574308e+00
   2.3750000e+00   1.7595821e+01   1.1973259e+01   6.4458084e+00
   2.3916667e+00   1.8085497e+01   1.2205099e+01   6.3462911e+00
   2.4083333e+00   1.8152664e+01   1.1753348e+01   6.1354370e+00
   2.4250000e+00   1.7556166e+01   1.2048562e+01   6.2679386e+00
   2.4416667e+00   1.8113033e+01   1.1397163e+01   6.5214224e+00
   2.4583333e+00   1.7831757e+01   1.1856853e+01   5.4091988e+00
   2.4750000e+00   1.8130697e+01   1.1763638e+01   6.5169730e+00
   2.4916667e+00   1.8168846e+01   1.2112780e+01   6.0318112e+00
   2.5083333e+00   1.8047981e+01   1.1636633e+01   6.3583474e+00
   2.5250000e+00   1.8658985e+01   1.2134278e+01   6.6092134e+00
   2.5416667e+00   1.8422079e+01   1.1668139e+01   6.0949502e+00
   2.5583333e+00   1.8134178e+01   1.1886233e+01   6.1940484e+00
   2.5750000e+00   1.7130529e+01   1.2178576e+01   6.1561294e+00
   2.5916667e+00   1.8343113e+01   1.1965863e+01   6.4502220e+00
   2.6083333e+00   1.8787022e+01   1.1962880e+01   6.3969455e+00
   2.6250000e+00   1.8423769e+01   1.2209900e+01   6.8754573e+00
   2.6416667e+00   1.8264357e+01   1.2350739e+01   6.8948579e+00
   2.6583333e+00   1.9027077e+01   1.2824515e+01   6.3752527e+00
   2.6750000e+00   1.8230360e+01   1.2231458e+01   6.3075099e+00
   2.6916667e+00   1.9281546e+01   1.2105981e+01   6.3273344e+00
   2.7083333e+00   1.8684809e+01   1.2784690e+01   6.8066902e+00
   2.7250000e+00   1.9560036e+01   1.2589318e+01   6.6444101e+00
   2.7416667e+00   1.9088560e+01   1.2426099e+01   6.5091138e+00
   2.7583333e+00   1.8757896e+01   1.2725001e+01   6.9576344e+00
   2.7750000e+00   1.9604406e+01   1.2782978e+01   6.8048959e+00
   2.7916667e+00   2.0556826e+01   1.3158614e+01   6.9509420e+00
   2.8083333e+00   1.9402525e+01   1.2749920e+01   6.4846063e+00
   2.8250000e+00   1.9592695e+01   1.3270028e+01   6.9185696e+00
   2.8416667e+00   1.9927490e+01   1.3065672e+01   7.0222774e+00
   2.8583333e+00   1.9661739e+01   1.2502356e+01   6.4635077e+00
   2.8750000e+00   1.9679438e+01   1.2704857e+01   6.9965806e+00
   2.8916667e+00   1.8731495e+01   1.2313540e+01   6.4527931e+00
   2.9083333e+00   1.9118082e+01   1.2594151e+01   6.6334577e+00
   2.9250000e+00   1.8961418e+01   1.2754561e+01   6.3225994e+00
   2.9416667e+00   2.0112297e+01   1.3055097e+01   7.5407996e+00
   2.9583333e+00   1.9608294e+01   1.3049087e+01   6.6042552e+00
   2.9750000e+00   1.9342588e+01   1.2032882e+01   6.6589551e+00
   2.9916667e+00   2.0024300e+01   1.3032136e+01   6.8977427e+00
   3.0083333e+00  -9.9990000e+03  -9.9990000e+03  -9.9990000e+03
   3.0250000e+00   2.8772757e+01   2.0789549e+01   1.4129508e+01
   3.0416667e+00   2.7541716e+01   2.0294207e+01   1.4119451e+01
   3.0583333e+00   2.7568199e+01   1.9545868e+01   1.3141572e+01
   3.0750000e+00   2.6829847e+01   1.9099813e+01   1.2627417e+01
   3.0916667e+00   2.6849451e+01   1.9353712e+01   1.3087771e+01
   3.1083333e+00   2.7278811e+01   1.9523348e+01   1.2996488e+01
   3.1250000e+00  -9.9990000e+03  -9.9990000e+03  -9.9990000e+03
   3.1416667e+00  -9.9990000e+03  -9.9990000e+03  -9.9990000e+03
   3.1583333e+00   1.9770956e+01   1.3122486e+01   6.8363166e+00
   3.1750000e+00   1.9367043e+01   1.2778369e+01   7.2203507e+00
   3.1916667e+00   1.9943474e+01   1.3050876e+01   7.0118399e+00
   3.2083333e+00   2.0458759e+01   1.2735958e+01   6.9290199e+00
   3.2250000e+00   2.0317156e+01   1.3594270e+01   7.6094036e+00
   3.2416667e+00   1.9505596e+01   1.3468112e+01   7.1890683e+00
   3.2583333e+00  -9.9990000e+03  -9.9990000e+03  -9.9990000e+03
   3.2750000e+00   2.8694733e+01   2.0297092e+01   1.4129478e+01
   3.2916667e+00   2.8745340e+01   2.0471117e+01   1.4161554e+01
   3.3083333e+00   2.8961260e+01   2.0981340e+01   1.4215646e+01
   3.3250000e+00   2.8442022e+01   2.0452919e+01   1.4831771e+01
   3.3416667e+00   2.9047016e+01   2.1071905e+01   1.4192635e+01
   3.3583333e+00   2.8631369e+01   2.0317257e+01   1.3242341e+01
   3.3750000e+00   2.8909918e+01   2.1104773e+01   1.4690690e+01
   3.3916667e+00   2.8271753e+01   2.0507868e+01   1.4136799e+01
   3.4083333e+00   2.8952732e+01   2.0817476e+01   1.4084162e+01
   3.4250000e+00   2.9019966e+01   2.1058195e+01   1.4441084e+01
   3.4416667e+00   2.8417620e+01   2.0461033e+01   1.4680712e+01
   3.4583333e+00   2.8485718e+01   2.0592665e+01   1.4729370e+01
   3.4750000e+00   2.8515736e+01   2.0338705e+01   1.3622141e+01
   3.4916667e+00   2.8786989e+01   2.0892807e+01   1.5070906e+01
   3.5083333e+00   2.8418951e+01   2.0650343e+01   1.4352191e+01
   3.5250000e+00   2.9060101e+01   2.1027407e+01   1.4536492e+01
   3.5416667e+00   2.8074064e+01   2.0116693e+01   1.4293234e+01
   3.5583333e+00   2.8293688e+01   2.0531647e+01   1.4501560e+01
   3.5750000e+00   2.8956846e+01   2.0533396e+01   1.3606665e+01
   3.5916667e+00   2.8253681e+01   2.0435007e+01   1.4205963e+01
   3.6083333e+00   2.8659344e+01   2.1237103e+01   1.5078367e+01
   3.6250000e+00   2.8231321e+01   2.0281223e+01   1.3779499e+01
   3.6416667e+00   2.8411440e+01   2.0169106e+01   1.4481991e+01
   3.6583333e+00   2.8526028e+01   2.0671583e+01   1.4848137e+01
   3.6750000e+00   2.8696201e+01   2.0910273e+01   1.4622084e+01
   3.6916667e+00   2.8744003e+01   2.0794163e+01   1.4307768e+01
   3.7083333e+00   2.8329655e+01   2.0161572e+01   1.4237485e+01
   3.7250000e+00   2.8961802e+01   2.0733046e+01   1.4249041e+01
   3.7416667e+00   2.8930841e+01   2.0888527e+01   1.4622210e+01
   3.7583333e+00   2.9114527e+01   2.0958534e+01   1.4498758e+01
   3.7750000e+00   2.8643379e+01   2.1049366e+01   1.4878829e+01
   3.7916667e+00   2.9889721e+01   2.1169096e+01   1.4627602e+01
   3.8083333e+00   2.9798454e+01   2.1441999e+01   1.4704797e+01
   3.8250000e+00   2.8885021e+01   2.1055984e+01   1.4400680e+01
   3.8416667e+00   2.9914722e+01   2.1198996e+01   1.4422773e+01
   3.8583333e+00   2.9382780e+01   2.1375790e+01   1.5128138e+01
   3.8750000e+00   3.0221558e+01   2.1677673e+01   1.5087886e+01
   3.8916667e+00   2.9634146e+01   2.1537178e+01   1.5493791e+01
   3.9083333e+00   3.0510763e+01   2.2155001e+01   1.4981999e+01
   3.9250000e+00   2.9658358e+01   2.0896952e+01   1.4035016e+01
   3.9416667e+00   2.9221046e+01   2.0920269e+01   1.4580261e+01
   3.9583333e+00   2.9219854e+01   2.1096905e+01   1.4814594e+01
   3.9750000e+00   3.0151188e+01   2.1436119e+01   1.4413009e+01
   3.9916667e+00   2.9697006e+01   2.1320320e+01   1.5062430e+01
   4.0083333e+00   3.0723377e+01   2.2248974e+01   1.5179700e+01
   4.0250000e+00   3.0560869e+01   2.1824673e+01   1.4552967e+01
   4.0416667e+00   3.0034744e+01   2.1472471e+01   1.4958740e+01
   4.0583333e+00   3.0007252e+01   2.1876623e+01   1.5565665e+01
   4.0750000e+00   2.9135830e+01   2.1297283e+01   1.4638681e+01
   4.0916667e+00   2.9560427e+01   2.1221596e+01   1.4979645e+01
   4.1083333e+00   3.0403322e+01   2.1665758e+01   1.5099228e+01
   4.1250000e+00  -9.9990000e+03  -9.9990000e+03  -9.9990000e+03
   4.1416667e+00  -9.9990000e+03  -9.9990000e+03  -9.9990000e+03
   4.1583333e+00   2.1823236e+01   1.3419988e+01   7.2289333e+00
   4.1750000e+00   2.1363232e+01   1.4396955e+01   7.7812276e+00
   4.1916667e+00   2.0817327e+01   1.4648318e+01   7.6003056e+00
   4.2083333e+00   2.1248447e+01   1.3962111e+01   7.4856644e+00
   4.2250000e+00   2.2645786e+01   1.4202065e+01   7.8085971e+00
   4.2416667e+00   2.1413876e+01   1.4032609e+01   7.3969293e+00
   4.2583333e+00  -9.9990000e+03  -9.9990000e+03  -9.9990000e+03
   4.2750000e+00   2.7974302e+01   2.0128628e+01   1.4950644e+01
   4.2916667e+00   2.9929384e+01   2.1468130e+01   1.4616904e+01
   4.3083333e+00   2.9498577e+01   2.1587925e+01   1.5449836e+01
   4.3250000e+00   2.9483660e+01   2.1276320e+01   1.4704029e+01
   4.3416667e+00   2.9616642e+01   2.0853754e+01   1.4038958e+01
   4.3583333e+00   2.9773060e+01   2.1553368e+01   1.4916642e+01
   4.3750000e+00   3.0454611e+01   2.1714941e+01   1.4875759e+01
   4.3916667e+00   2.9823942e+01   2.1578348e+01   1.5552958e+01
   4.4083333e+00   2.9580383e+01   2.1311552e+01   1.5029568e+01
   4.4250000e+00   2.9139877e+01   2.0776775e+01   1.4529957e+01
   4.4416667e+00   3.0002724e+01   2.2001438e+01   1.4331669e+01
   4.4583333e+00   3.0177351e+01   2.1893932e+01   1.5570710e+01
   4.4750000e+00   2.9873732e+01   2.1915930e+01   1.4980977e+01
   4.4916667e+00   3.0387199e+01   2.1657389e+01   1.4603202e+01
   4.5083333e+00   3.0698349e+01   2.2125607e+01   1.5044280e+01
   4.5250000e+00   3.0342785e+01   2.1778355e+01   1.5656396e+01
   4.5416667e+00   3.0891653e+01   2.2284164e+01   1.4516200e+01
   4.5583333e+00   2.9448645e+01   2.1250071e+01   1.5006659e+01
   4.5750000e+00   3.0567623e+01   2.2577370e+01   1.5343197e+01
   4.5916667e+00   3.1106829e+01   2.2671711e+01   1.5148455e+01
   4.6083333e+00   3.0878597e+01   2.2233545e+01   1.5004475e+01
   4.6250000e+00   3.1725382e+01   2.3025351e+01   1.5130342e+01
   4.6416667e+00   3.1292389e+01   2.2400724e+01   1.5765096e+01
   4.6583333e+00   3.0250204e+01   2.1705427e+01   1.4947861e+01
   4.6750000e+00   3.0519281e+01   2.1736671e+01   1.5325197e+01
   4.6916667e+00   3.1126638e+01   2.1985134e+01   1.4461809e+01
   4.7083333e+00   3.1729347e+01   2.2565392e+01   1.4956871e+01
   4.7250000e+00   3.1895321e+01   2.2565077e+01   1.4884523e+01
   4.7416667e+00   3.1178652e+01   2.2070004e+01   1.4331086e+01
   4.7583333e+00   3.0199726e+01   2.1580864e+01   1.5013761e+01
   4.7750000e+00   3.0776096e+01   2.1704550e+01   1.4605060e+01
   4.7916667e+00   3.2338604e+01   2.3101019e+01   1.5484651e+01
   4.8083333e+00   3.1988745e+01   2.3150202e+01   1.5663593e+01
   4.8250000e+00   3.1887936e+01   2.2874985e+01   1.5117152e+01
   4.8416667e+00   3.1773834e+01   2.2748283e+01   1.5517143e+01
   4.8583333e+00   3.2164028e+01   2.2886389e+01   1.4870323e+01
   4.8750000e+00   3.1734360e+01   2.3202858e+01   1.5604124e+01
   4.8916667e+00   3.1648190e+01   2.2678513e+01   1.5902165e+01
   4.9083333e+00   3.1742687e+01   2.2314810e+01   1.5211761e+01
   4.9250000e+00   3.2419216e+01   2.3142691e+01   1.5137827e+01
   4.9416667e+00   3.2496349e+01   2.3301590e+01   1.6257296e+01
   4.9583333e+00   3.2203362e+01   2.3307646e+01   1.6365158e+01
   4.9750000e+00   3.2461830e+01   2.3021740e+01   1.5489697e+01
   4.9916667e+00   3.2181812e+01   2.3031301e+01   1.6620623e+01
   5.0083333e+00  -9.9990000e+03  -9.9990000e+03  -9.9990000e+03
   5.0250000e+00  -9.9990000e+03  -9.9990000e+03  -9.9990000e+03
   5.0416667e+00   2.4016676e+01   1.6147907e+01   8.2297659e+00
   5.0583333e+00   2.4420801e+01   1.5691073e+01   8.0431652e+00
   5.0750000e+00   2.4389750e+01   1.5887501e+01   8.6151981e+00
   5.0916667e+00   2.4470770e+01   1.5701150e+01   7.7987232e+00
   5.1083333e+00   2.4606461e+01   1.6447903e+01   8.8426781e+00
   5.1250000e+00  -9.9990000e+03  -9.9990000e+03  -9.9990000e+03
   5.1416667e+00  -9.9990000e+03  -9.9990000e+03  -9.9990000e+03
   5.1583333e+00   3.2572323e+01   2.3570059e+01   1.5773362e+01
   5.1750000e+00   3.2698730e+01   2.2960428e+01   1.5313086e+01
   5.1916667e+00   3.3318989e+01   2.3889496e+01   1.6075094e+01
   5.2083333e+00   3.4189888e+01   2.4101986e+01   1.6576937e+01
   5.2250000e+00   3.3538078e+01   2.4418268e+01   1.6624775e+01
   5.2416667e+00   3.3262699e+01   2.3995905e+01   1.5905583e+01
   5.2583333e+00  -9.9990000e+03  -9.9990000e+03  -9.9990000e+03
   5.2750000e+00  -9.9990000e+03  -9.9990000e+03  -9.9990000e+03
   5.2916667e+00   2.4674973e+01   1.6247183e+01   8.6040325e+00
   5.3083333e+00   2.4871357e+01   1.5787024e+01   8.6574631e+00
   5.3250000e+00   2.4628685e+01   1.6246042e+01   8.8862152e+00
   5.3416667e+00   2.5246485e+01   1.6256788e+01   8.7861166e+00
   5.3583333e+00   2.5032770e+01   1.6209730e+01   8.4953299e+00
   5.3750000e+00   2.4737057e+01   1.5989763e+01   8.8532448e+00
   5.3916667e+00   2.5004259e+01   1.6032579e+01   8.6407633e+00
   5.4083333e+00   2.4604628e+01   1.6369438e+01   8.7128077e+00
   5.4250000e+00   2.4515198e+01   1.6446398e+01   8.6425028e+00
   5.4416667e+00   2.4694534e+01   1.6270491e+01   8.8874617e+00
   5.4583333e+00   2.4568153e+01   1.6211279e+01   8.6109438e+00
   5.4750000e+00   2.4703972e+01   1.6278721e+01   8.6778107e+00
   5.4916667e+00   2.4811354e+01   1.6215965e+01   8.5959368e+00
   5.5083333e+00   2.4769562e+01   1.6047243e+01   8.2863417e+00
   5.5250000e+00   2.5315277e+01   1.5918087e+01   8.3879929e+00
   5.5416667e+00   2.4931492e+01   1.6213326e+01   8.5938187e+00
   5.5583333e+00   2.5453079e+01   1.6140238e+01   8.7361069e+00
   5.5750000e+00   2.5322329e+01   1.6405634e+01   8.4055910e+00
   5.5916667e+00   2.4714128e+01   1.6307436e+01   8.5701685e+00
   5.6083333e+00   2.6226980e+01   1.6119474e+01   8.9676170e+00
   5.6250000e+00   2.5150728e+01   1.5664960e+01   8.8549824e+00
   5.6416667e+00   2.5418821e+01   1.6820595e+01   8.3621845e+00
   5.6583333e+00   2.5459181e+01   1.6638685e+01   8.2911415e+00
   5.6750000e+00   2.4213665e+01   1.6424984e+01   9.0057583e+00
   5.6916667e+00   2.5178663e+01   1.6278473e+01   8.6467361e+00
   5.7083333e+00   2.5033070e+01   1.6495773e+01   8.9036884e+00
   5.7250000e+00   2.4425171e+01   1.5731955e+01   8.8099680e+00
   5.7416667e+00   2.4327782e+01   1.6263025e+01   8.3736925e+00
   5.7583333e+00   2.5086538e+01   1.6251331e+01   8.7157688e+00
   5.7750000e+00   2.4684910e+01   1.6007204e+01   8.5959377e+00
   5.7916667e+00   2.4338726e+01   1.6094782e+01   9.0383892e+00
   5.8083333e+00   2.4722179e+01   1.6536345e+01   8.9196072e+00
   5.8250000e+00   2.5426394e+01   1.6123369e+01   8.5511818e+00
   5.8416667e+00   2.5373127e+01   1.6012352e+01   8.3637924e+00
   5.8583333e+00   2.5398874e+01   1.6766468e+01   8.8005629e+00
   5.8750000e+00   2.5294111e+01   1.6287441e+01   9.0898390e+00
   5.8916667e+00   2.4619936e+01   1.5723124e+01   9.0518370e+00
   5.9083333e+00   2.4472256e+01   1.6396458e+01   8.2558212e+00
   5.9250000e+00   2.4430573e+01   1.6493912e+01   8.7029686e+00
   5.9416667e+00   2.5779163e+01   1.6370464e+01   8.8363943e+00
   5.9583333e+00   2.4581301e+01   1.5593328e+01   8.7733154e+00
   5.9750000e+00   2.4791843e+01   1.6599253e+01   8.5520763e+00
   5.9916667e+00   2.5082567e+01   1.6098764e+01   8.4814987e+00
   6.0083333e+00   2.4538353e+01   1.6219557e+01   8.5653620e+00
   6.0250000e+00   2.5243126e+01   1.6347017e+01   8.5850706e+00
   6.0416667e+00   2.4652412e+01   1.6195385e+01   8.8133326e+00
   6.0583333e+00   2.4429140e+01   1.6358711e+01   8.1898613e+00
   6.0750000e+00   2.5056677e+01   1.6497738e+01   8.4160910e+00
   6.0916667e+00   2.5298679e+01   1.6126835e+01   8.2407589e+00
   6.1083333e+00   2.4781837e+01   1.6177019e+01   8.5099020e+00
   6.1250000e+00  -9.9990000e+03  -9.9990000e+03  -9.9990000e+03
   6.1416667e+00  -9.9990000e+03  -9.9990000e+03  -9.9990000e+03
   6.1583333e+00   3.3137192e+01   2.3593107e+01   1.5470311e+01
   6.1750000e+00   3.2331020e+01   2.2885262e+01   1.6146154e+01
   6.1916667e+00   3.3353168e+01   2.3698099e+01   1.5847227e+01
   6.2083333e+00   3.3027126e+01   2.3353045e+01   1.5798027e+01
   6.2250000e+00   3.2283020e+01   2.2935770e+01   1.6145533e+01
   6.2416667e+00   3.2512165e+01   2.3410019e+01   1.6742176e+01
   6.2583333e+00  -9.9990000e+03  -9.9990000e+03  -9.9990000e+03
   6.2750000e+00  -9.9990000e+03  -9.9990000e+03  -9.9990000e+03
   6.2916667e+00   2.4481955e+01   1.6315218e+01   8.6222601e+00
   6.3083333e+00   2.5127935e+01   1.6264704e+01   8.4774828e+00
   6.3250000e+00   2.4558060e+01   1.6199450e+01   8.4237585e+00
   6.3416667e+00   2.3855223e+01   1.5869144e+01   8.2756815e+00
   6.3583333e+00   2.5212351e+01   1.6040184e+01   9.1089907e+00
   6.3750000e+00   2.4741682e+01   1.5669441e+01   9.1092653e+00
   6.3916667e+00   2.5383024e+01   1.6752401e+01   9.1574154e+00
   6.4083333e+00   2.5326311e+01   1.6635775e+01   9.0035896e+00
   6.4250000e+00   2.5021662e+01   1.6625889e+01   8.0101328e+00
   6.4416667e+00   2.4539196e+01   1.6205332e+01   8.6843500e+00
   6.4583333e+00   2.3349586e+01   1.6120785e+01   8.3679008e+00
   6.4750000e+00   2.4186176e+01   1.6099842e+01   8.1871424e+00
   6.4916667e+00   2.4096573e+01   1.6025518e+01   8.4721651e+00
   6.5083333e+00   2.5091349e+01   1.6191771e+01   8.6138735e+00
   6.5250000e+00   2.4723330e+01   1.6343616e+01   8.6220665e+00
   6.5416667e+00   2.5261581e+01   1.6078709e+01   9.1835108e+00
   6.5583333e+00   2.4750322e+01   1.6265463e+01   8.9618120e+00
   6.5750000e+00   2.4426016e+01   1.5969137e+01   8.0724506e+00
   6.5916667e+00   2.4830236e+01   1.6196274e+01   8.3210430e+00
   6.6083333e+00   2.4783669e+01   1.6033911e+01   9.0826902e+00
   6.6250000e+00   2.4479671e+01   1.6109035e+01   8.7922068e+00
   6.6416667e+00   2.4969007e+01   1.6259779e+01   8.6721735e+00
   6.6583333e+00   2.4789070e+01   1.6310036e+01   9.1958179e+00
   6.6750000e+00   2.4196619e+01   1.5709937e+01   9.0086432e+00
   6.6916667e+00   2.5000509e+01   1.6824514e+01   8.5473900e+00
   6.7083333e+00   2.5320797e+01   1.6260349e+01   8.6562691e+00
   6.7250000e+00   2.5562164e+01   1.6462109e+01   8.5771103e+00
   6.7416667e+00   2.4731342e+01   1.6135637e+01   8.0872478e+00
   6.7583333e+00   2.4939116e+01   1.6116098e+01   8.4094543e+00
   6.7750000e+00   2.5312946e+01   1.5783739e+01   8.4308462e+00
   6.7916667e+00   2.4145964e+01   1.5439611e+01   7.7484126e+00
   6.8083333e+00   2.3937403e+01   1.5471602e+01   8.3219957e+00
   6.8250000e+00   2.4466940e+01   1.5683670e+01   8.2828712e+00
   6.8416667e+00   2.3321835e+01   1.6108019e+01   8.0445194e+00
   6.8583333e+00   2.5384943e+01   1.5795111e+01   8.3525324e+00
   6.8750000e+00   2.4306993e+01   1.6113995e+01   8.3723660e+00
   6.8916667e+00   2.4467989e+01   1.5841924e+01   9.0276270e+00
   6.9083333e+00   2.4204475e+01   1.5769979e+01   8.4268665e+00
   6.9250000e+00   2.6730293e+01   1.7715376e+01   9.9061832e+00
   6.9416667e+00   2.8092793e+01   1.9183887e+01   1.1101177e+01
   6.9583333e+00   2.8342491e+01   1.9531502e+01   1.0541237e+01
   6.9750000e+00   2.6852373e+01   1.7431669e+01   9.3977499e+00
   6.9916667e+00   2.4583399e+01   1.6156002e+01   9.2832022e+00
   7.0083333e+00  -9.9990000e+03  -9.9990000e+03  -9.9990000e+03
   7.0250000e+00   3.1196985e+01   2.1349800e+01   1.4268172e+01
   7.0416667e+00   3.2935696e+01   2.3324492e+01   1.5821198e+01
   7.0583333e+00   3.2910530e+01   2.3455397e+01   1.6274527e+01
   7.0750000e+00   3.2912052e+01   2.3355947e+01   1.6343798e+01
   7.0916667e+00   3.3412624e+01   2.3495762e+01   1.5997318e+01
   7.1083333e+00   3.3051292e+01   2.3728712e+01   1.6147865e+01
   7.1250000e+00  -9.9990000e+03  -9.9990000e+03  -9.9990000e+03
   7.1416667e+00  -9.9990000e+03  -9.9990000e+03  -9.9990000e+03
   7.1583333e+00   2.3977617e+01   1.6372023e+01   8.1357899e+00
   7.1750000e+00   2.3933559e+01   1.6160757e+01   9.0203705e+00
   7.1916667e+00   2.4700748e+01   1.6112637e+01   9.1662426e+00
   7.2083333e+00   2.4317358e+01   1.5998906e+01   8.5477428e+00
   7.2250000e+00   2.4455284e+01   1.5985277e+01   8.8418732e+00
   7.2416667e+00   2.5199322e+01   1.5955999e+01   8.1611395e+00
   7.2583333e+00  -9.9990000e+03  -9.9990000e+03  -9.9990000e+03
   7.2750000e+00   3.1497774e+01   2.2721418e+01   1.4433681e+01
   7.2916667e+00   3.2595608e+01   2.3088921e+01   1.4940749e+01
   7.3083333e+00   3.1982128e+01   2.2965481e+01   1.5257017e+01
   7.3250000e+00   3.1802067e+01   2.2644304e+01   1.5086440e+01
   7.3416667e+00   3.2243412e+01   2.2580751e+01   1.5209724e+01
   7.3583333e+00   3.2167721e+01   2.2749159e+01   1.5707089e+01
   7.3750000e+00   3.2088257e+01   2.2745018e+01   1.5673213e+01
   7.3916667e+00   3.1971590e+01   2.2638378e+01   1.4992705e+01
   7.4083333e+00   3.2031513e+01   2.2531300e+01   1.4825986e+01
   7.4250000e+00   3.1927494e+01   2.2448254e+01   1.4765313e+01
   7.4416667e+00   3.2049316e+01   2.2639221e+01   1.5087497e+01
   7.4583333e+00   3.1316946e+01   2.2354836e+01   1.5250916e+01
   7.4750000e+00   3.1348270e+01   2.2720320e+01   1.5168130e+01
   7.4916667e+00   3.1808842e+01   2.2284348e+01   1.4300796e+01
   7.5083333e+00   3.1251846e+01   2.2805765e+01   1.5849371e+01
   7.5250000e+00   3.2309090e+01   2.2962961e+01   1.5620060e+01
   7.5416667e+00   3.1993008e+01   2.2791334e+01   1.4998176e+01
   7.5583333e+00   3.1572884e+01   2.2644236e+01   1.5172358e+01
   7.5750000e+00   3.1624529e+01   2.2715139e+01   1.5379085e+01
   7.5916667e+00   3.2129288e+01   2.2899467e+01   1.4690260e+01
   7.6083333e+00   3.1737566e+01   2.2869967e+01   1.5412599e+01
   7.6250000e+00   3.1558546e+01   2.2862148e+01   1.6157730e+01
   7.6416667e+00   6.5450806e+01   5.2061947e+01   4.1510918e+01
   7.6583333e+00   8.1268822e+01   6.6147476e+01   5.3526997e+01
   7.6750000e+00   6.8027374e+01   5.4673820e+01   4.3542923e+01
   7.6916667e+00   6.4307137e+01   5.2037045e+01   4.1131790e+01
   7.7083333e+00   5.1612465e+01   4.0029346e+01   3.0674757e+01
   7.7250000e+00   4.7413906e+01   3.6074333e+01   2.6533543e+01
   7.7416667e+00   6.1818535e+01   4.8920029e+01   3.8932697e+01
   7.7583333e+00   6.4742241e+01   5.1944271e+01   4.1279526e+01
   7.7750000e+00   6.4215469e+01   5.0807468e+01   4.0354004e+01
   7.7916667e+00   6.0755646e+01   4.8182228e+01   3.6149284e+01
   7.8083333e+00   5.1232159e+01   3.9813759e+01   2.9546757e+01
   7.8250000e+00   5.2224182e+01   4.0145653e+01   2.9937126e+01
   7.8416667e+00   4.3577511e+01   3.2720329e+01   2.3449087e+01
   7.8583333e+00   4.0320534e+01   2.9636082e+01   2.0494366e+01
   7.8750000e+00   3.5671192e+01   2.6034632e+01   1.8326876e+01
   7.8916667e+00   3.8260056e+01   2.8174801e+01   1.9395649e+01
   7.9083333e+00   3.9841751e+01   2.9770037e+01   2.0385071e+01
   7.9250000e+00   3.8022041e+01   2.7823511e+01   1.9775862e+01
   7.9416667e+00   4.1255032e+01   3.1299114e+01   2.2852570e+01
   7.9583333e+00   4.0742897e+01   3.0622091e+01   2.2271721e+01
   7.9750000e+00   4.1004200e+01   3.0426388e+01   2.2479626e+01
   7.9916667e+00   5.3012093e+01   4.0837982e+01   3.0809116e+01
   8.0083333e+00   6.8029930e+01   5.4670937e+01   4.2385185e+01
   8.0250000e+00   8.7254250e+01   7.2279099e+01   5.9699501e+01
   8.0416667e+00   8.8689613e+01   7.3838379e+01   6.1266258e+01
   8.0583333e+00   8.0929062e+01   6.6392197e+01   5.4507252e+01
   8.0750000e+00   9.7244705e+01   8.0657730e+01   6.6678040e+01
   8.0916667e+00   1.0336024e+02   8.6205566e+01   7.1412697e+01
   8.1083333e+00   1.0782822e+02   9.1277077e+01   7.6496735e+01
   8.1250000e+00  -9.9990000e+03  -9.9990000e+03  -9.9990000e+03
   8.1416667e+00  -9.9990000e+03  -9.9990000e+03  -9.9990000e+03
   8.1583333e+00   3.1270569e+01   2.2956839e+01   1.3089916e+01
   8.1750000e+00   3.2670113e+01   2.3008165e+01   1.4227153e+01
   8.1916667e+00   3.2366661e+01   2.2947050e+01   1.4065449e+01
   8.2083333e+00   3.3330528e+01   2.3839478e+01   1.4488812e+01
   8.2250000e+00   3.3747543e+01   2.4740332e+01   1.5201847e+01
   8.2416667e+00   3.6813747e+01   2.6618631e+01   1.6534307e+01
   8.2583333e+00  -9.9990000e+03  -9.9990000e+03  -9.9990000e+03
   8.2750000e+00   7.9549873e+01   6.6084702e+01   5.5075474e+01
   8.2916667e+00   7.3491905e+01   5.9619522e+01   4.6568684e+01
   8.3083333e+00   7.0101738e+01   5.6900707e+01   4.4860729e+01
   8.3250000e+00   6.4094543e+01   5.0867020e+01   3.9680550e+01
   8.3416667e+00   6.3471733e+01   5.1066200e+01   4.0993217e+01
   8.3583333e+00   6.2284817e+01   4.9659985e+01   3.9196705e+01
   8.3750000e+00   6.5302818e+01   5.2455208e+01   4.1852280e+01
   8.3916667e+00   6.2403984e+01   4.9830940e+01   3.9064198e+01
   8.4083333e+00   5.1705166e+01   3.9720577e+01   2.9848976e+01
   8.4250000e+00   6.0954235e+01   4.8697598e+01   3.8147518e+01
   8.4416667e+00   6.5750954e+01   5.2905682e+01   4.2263569e+01
   8.4583333e+00   5.8243042e+01   4.5264828e+01   3.4876781e+01
   8.4750000e+00   4.8192982e+01   3.6903610e+01   2.7342386e+01
   8.4916667e+00   4.5981094e+01   3.5243462e+01   2.6613306e+01
   8.5083333e+00   5.8262409e+01   4.5500431e+01   3.5412621e+01
   8.5250000e+00   4.9018993e+01   3.7923710e+01   2.9021311e+01
   8.5416667e+00   4.6482861e+01   3.5270088e+01   2.6221125e+01
   8.5583333e+00   4.6401279e+01   3.5150848e+01   2.5076651e+01
   8.5750000e+00   4.0803894e+01   2.9703175e+01   2.1120064e+01
   8.5916667e+00   3.5372520e+01   2.5683674e+01   1.8192799e+01
   8.6083333e+00   3.5460953e+01   2.5482336e+01   1.7706816e+01
   8.6250000e+00   3.6336327e+01   2.5784332e+01   1.7143801e+01
   8.6416667e+00   3.6266907e+01   2.6127731e+01   1.8007774e+01
   8.6583333e+00   3.6382545e+01   2.6174334e+01   1.8226286e+01
   8.6750000e+00   3.7854370e+01   2.7134108e+01   1.8131723e+01
   8.6916667e+00   3.8234802e+01   2.8118343e+01   2.0886982e+01
   8.7083333e+00   3.8503658e+01   2.8511484e+01   2.0518742e+01
   8.7250000e+00   3.9354549e+01   2.8879812e+01   2.0145144e+01
   8.7416667e+00   3.9540672e+01   2.9108107e+01   2.0866407e+01
   8.7583333e+00   4.5300446e+01   3.3874683e+01   2.3979208e+01
   8.7750000e+00   4.7288273e+01   3.5166943e+01   2.6272654e+01
   8.7916667e+00   4.8397755e+01   3.7203835e+01   2.8326826e+01
   8.8083333e+00   4.6472095e+01   3.6174473e+01   2.8033854e+01
   8.8250000e+00   4.9218987e+01   3.7478756e+01   2.8775658e+01
   8.8416667e+00   4.8267502e+01   3.6708664e+01   2.7148804e+01
   8.8583333e+00   4.5713696e+01   3.4728161e+01   2.5020926e+01
   8.8750000e+00   4.3317989e+01   3.2723927e+01   2.3665684e+01
   8.8916667e+00   4.2828117e+01   3.2386284e+01   2.4787249e+01
   8.9083333e+00   4.8338814e+01   3.7324306e+01   2.8209635e+01
   8.9250000e+00   4.4850853e+01   3.4357819e+01   2.5895342e+01
   8.9416667e+00   4.5192455e+01   3.4690796e+01   2.6493395e+01
   8.9583333e+00   4.3978371e+01   3.2960670e+01   2.4590725e+01
   8.9750000e+00   4.0141224e+01   2.9564535e+01   2.1359148e+01
   8.9916667e+00   2.9117659e+01   2.0699621e+01   1.4492051e+01
   9.0083333e+00  -9.9990000e+03  -9.9990000e+03  -9.9990000e+03
   9.0250000e+00  -9.9990000e+03  -9.9990000e+03  -9.9990000e+03
   9.0416667e+00   2.0957657e+01   1.3589553e+01   7.2350445e+00
   9.0583333e+00   2.1666157e+01   1.4056025e+01   7.1812329e+00
   9.0750000e+00   2.1337749e+01   1.3890242e+01   7.4809027e+00
   9.0916667e+00   2.1749174e+01   1.4008275e+01   7.3299375e+00
   9.1083333e+00   2.1671209e+01   1.3575931e+01   7.4168520e+00
   9.1250000e+00  -9.9990000e+03  -9.9990000e+03  -9.9990000e+03
   9.1416667e+00  -9.9990000e+03  -9.9990000e+03  -9.9990000e+03
   9.1583333e+00   2.9067759e+01   2.0285299e+01   1.3191464e+01
   9.1750000e+00   2.9677265e+01   2.0966650e+01   1.3635724e+01
   9.1916667e+00   2.9088749e+01   2.0554874e+01   1.2706471e+01
   9.2083333e+00   2.9153553e+01   2.0681730e+01   1.3297826e+01
   9.2250000e+00   2.8622952e+01   1.9841789e+01   1.2879714e+01
   9.2416667e+00   2.8468246e+01   2.0255096e+01   1.3437911e+01
   9.2583333e+00  -9.9990000e+03  -9.9990000e+03  -9.9990000e+03
   9.2750000e+00  -9.9990000e+03  -9.9990000e+03  -9.9990000e+03
   9.2916667e+00   2.0801935e+01   1.3587211e+01   7.3200393e+00
   9.3083333e+00   2.1330315e+01   1.3503977e+01   7.3990355e+00
   9.3250000e+00   2.2070951e+01   1.3582436e+01   7.6706262e+00
   9.3416667e+00   2.1313526e+01   1.3042293e+01   7.3740072e+00
   9.3583333e+00   2.1145157e+01   1.3242928e+01   6.9826956e+00
   9.3750000e+00   2.1518589e+01   1.4295195e+01   7.3392196e+00
   9.3916667e+00   2.4583963e+01   1.6665586e+01   8.8351460e+00
   9.4083333e+00   2.3918646e+01   1.5712229e+01   8.5143757e+00
   9.4250000e+00   2.5018648e+01   1.6251326e+01   8.7273006e+00
   9.4416667e+00   2.4848646e+01   1.5904402e+01   8.7289810e+00
   9.4583333e+00   2.4350327e+01   1.5919167e+01   8.6652937e+00
   9.4750000e+00   2.3714659e+01   1.5444573e+01   8.9704685e+00
   9.4916667e+00   2.4582039e+01   1.6232986e+01   9.4762354e+00
   9.5083333e+00   2.3741322e+01   1.5937456e+01   9.3830624e+00
   9.5250000e+00   2.4451490e+01   1.6015343e+01   8.7607403e+00
   9.5416667e+00   2.4636890e+01   1.6604973e+01   9.0668001e+00
   9.5583333e+00   2.4416786e+01   1.6254438e+01   9.4032145e+00
   9.5750000e+00   2.4665751e+01   1.5941790e+01   7.9659119e+00
   9.5916667e+00   2.3793215e+01   1.5636317e+01   8.5670118e+00
   9.6083333e+00   2.4475258e+01   1.6104893e+01   9.0072069e+00
   9.6250000e+00   2.5249390e+01   1.6691988e+01   8.4926043e+00
   9.6416667e+00   2.5028265e+01   1.6134773e+01   8.8996468e+00
   9.6583333e+00   2.4598366e+01   1.6556849e+01   9.2514486e+00
   9.6750000e+00   2.4625084e+01   1.6545759e+01   8.8069258e+00
   9.6916667e+00   2.4902243e+01   1.6607664e+01   9.5292110e+00
   9.7083333e+00   2.5144716e+01   1.6230364e+01   9.1967049e+00
   9.7250000e+00   2.4026579e+01   1.5614942e+01   8.8032293e+00
   9.7416667e+00   2.3774963e+01   1.5930775e+01   8.0609751e+00
   9.7583333e+00   2.4502754e+01   1.5491410e+01   8.0053596e+00
   9.7750000e+00   2.4525175e+01   1.6061670e+01   8.5033827e+00
   9.7916667e+00   2.4344921e+01   1.5199131e+01   8.6963987e+00
   9.8083333e+00   2.4844681e+01   1.5966826e+01   9.0098028e+00
   9.8250000e+00   2.4364601e+01   1.5775856e+01   8.4493828e+00
   9.8416667e+00   2.4635044e+01   1.6244339e+01   8.9974890e+00
   9.8583333e+00   2.8924177e+01   1.9299189e+01   1.0847338e+01
   9.8750000e+00   2.4509405e+01   1.5628083e+01   8.4816847e+00
   9.8916667e+00   2.6629408e+01   1.7614550e+01   9.4694519e+00
   9.9083333e+00   2.7927837e+01   1.8340483e+01   1.0308157e+01
   9.9250000e+00   2.9506310e+01   2.0280504e+01   1.1398027e+01
   9.9416667e+00   2.6320721e+01   1.7398493e+01   9.0778561e+00
   9.9583333e+00   2.9583761e+01   1.9831377e+01   1.1608564e+01
   9.9750000e+00   3.1573065e+01   2.1572519e+01   1.2395217e+01
   9.9916667e+00   3.1077055e+01   2.0545732e+01   1.2021915e+01
   1.0008333e+01   2.9758989e+01   2.0799543e+01   1.1339748e+01
   1.0025000e+01   2.8792858e+01   2.0223959e+01   1.1819551e+01
   1.0041667e+01   3.2030155e+01   2.3132790e+01   1.2841734e+01
   1.0058333e+01   3.2580021e+01   2.2781841e+01   1.3191624e+01
   1.0075000e+01   3.1121719e+01   2.1564783e+01   1.2318496e+01
   1.0091667e+01   3.0231966e+01   2.1008730e+01   1.2888607e+01
   1.0108333e+01   2.8196398e+01   1.8313801e+01   9.9015179e+00
   1.0125000e+01  -9.9990000e+03  -9.9990000e+03  -9.9990000e+03
   1.0141667e+01  -9.9990000e+03  -9.9990000e+03  -9.9990000e+03
   1.0158333e+01   3.7086586e+01   2.6448181e+01   1.7327747e+01
   1.0175000e+01   3.5895462e+01   2.6097052e+01   1.8167240e+01
   1.0191667e+01   3.6670891e+01   2.6040289e+01   1.7680138e+01
   1.0208333e+01   3.6533482e+01   2.6772245e+01   1.8111156e+01
   1.0225000e+01   3.9588192e+01   2.8656210e+01   1.9818615e+01
   1.0241667e+01   3.7589916e+01   2.7746712e+01   1.9891178e+01
   1.0258333e+01  -9.9990000e+03  -9.9990000e+03  -9.9990000e+03
   1.0275000e+01  -9.9990000e+03  -9.9990000e+03  -9.9990000e+03
   1.0291667e+01   2.7925638e+01   1.8352055e+01   1.0590835e+01
   1.0308333e+01   2.4908485e+01   1.6865137e+01   9.5585575e+00
   1.0325000e+01   2.4978415e+01   1.6335129e+01   8.8690586e+00
   1.0341667e+01   2.5520727e+01   1.7138165e+01   9.5867414e+00
   1.0358333e+01   2.6612358e+01   1.7586603e+01   9.4127426e+00
   1.0375000e+01   2.7163223e+01   1.8043873e+01   1.0252542e+01
   1.0391667e+01   2.7481958e+01   1.8095974e+01   1.0736056e+01
   1.0408333e+01   2.6443970e+01   1.7741777e+01   9.7825594e+00
   1.0425000e+01   2.7413143e+01   1.7934465e+01   1.0042209e+01
   1.0441667e+01   2.6565302e+01   1.7358713e+01   9.6921415e+00
   1.0458333e+01   2.8783743e+01   2.0550915e+01   1.1528529e+01
   1.0475000e+01   2.8217234e+01   1.8739130e+01   1.0334978e+01
   1.0491667e+01   2.5791521e+01   1.7557470e+01   9.7714291e+00
   1.0508333e+01   2.3727262e+01   1.5347624e+01   8.1113958e+00
   1.0525000e+01   2.1961996e+01   1.4294512e+01   7.0396514e+00
   1.0541667e+01   2.1774469e+01   1.4519223e+01   7.6583409e+00
   1.0558333e+01   2.2537004e+01   1.4395983e+01   7.4664998e+00
   1.0575000e+01   2.1866095e+01   1.4166705e+01   7.2794456e+00
   1.0591667e+01   2.2426376e+01   1.3848239e+01   7.6317978e+00
   1.0608333e+01   2.2783531e+01   1.4194252e+01   6.9975600e+00
   1.0625000e+01   2.2029446e+01   1.4383927e+01   7.6045856e+00
   1.0641667e+01   2.2035599e+01   1.4083802e+01   7.4449787e+00
   1.0658333e+01   2.2581333e+01   1.3831097e+01   7.2386417e+00
   1.0675000e+01   2.1260101e+01   1.3965831e+01   6.9877024e+00
   1.0691667e+01   2.1875637e+01   1.4464689e+01   7.5549607e+00
   1.0708333e+01   2.1621813e+01   1.3964499e+01   7.2794471e+00
   1.0725000e+01   2.2265345e+01   1.4202186e+01   7.0925608e+00
   1.0741667e+01   2.2504250e+01   1.4136129e+01   7.4505410e+00
   1.0758333e+01   2.2279322e+01   1.4277019e+01   7.2775474e+00
   1.0775000e+01   2.2502089e+01   1.4064054e+01   7.0883775e+00
   1.0791667e+01   2.2279020e+01   1.4414890e+01   7.6856799e+00
   1.0808333e+01   2.2168772e+01   1.4587507e+01   7.6108513e+00
   1.0825000e+01   2.2125355e+01   1.4495607e+01   7.9227161e+00
   1.0841667e+01   2.2308035e+01   1.3930505e+01   8.0728054e+00
   1.0858333e+01   2.2736235e+01   1.4010257e+01   7.2020192e+00
   1.0875000e+01   2.2476507e+01   1.4091209e+01   7.7623672e+00
   1.0891667e+01   2.2821444e+01   1.4521029e+01   7.6625881e+00
   1.0908333e+01   2.2345011e+01   1.3837622e+01   7.3881836e+00
   1.0925000e+01   2.1353884e+01   1.4234264e+01   7.8296223e+00
   1.0941667e+01   2.1828794e+01   1.4366176e+01   7.4415340e+00
   1.0958333e+01   2.2108082e+01   1.4214250e+01   7.3572454e+00
   1.0975000e+01   2.3384279e+01   1.4636547e+01   7.0372119e+00
   1.0991667e+01   2.1857418e+01   1.3949594e+01   7.4612441e+00
   1.1008333e+01  -9.9990000e+03  -9.9990000e+03  -9.9990000e+03
   1.1025000e+01   2.8779392e+01   2.0304232e+01   1.3381898e+01
   1.1041667e+01   2.9496778e+01   2.0861105e+01   1.3981438e+01
   1.1058333e+01   2.9281437e+01   2.0777803e+01   1.3798576e+01
   1.1075000e+01   2.9010386e+01   2.0274004e+01   1.3042077e+01
   1.1091667e+01   2.9115562e+01   2.0403713e+01   1.3652970e+01
   1.1108333e+01   2.8690172e+01   2.0312094e+01   1.3767088e+01
   1.1125000e+01  -9.9990000e+03  -9.9990000e+03  -9.9990000e+03
   1.1141667e+01  -9.9990000e+03  -9.9990000e+03  -9.9990000e+03
   1.1158333e+01   2.3169933e+01   1.3892441e+01   6.8067055e+00
   1.1175000e+01   2.2625286e+01   1.4152802e+01   7.4166980e+00
   1.1191667e+01   2.2218697e+01   1.4262163e+01   7.3320994e+00
   1.1208333e+01   2.1996941e+01   1.4397385e+01   8.1826220e+00
   1.1225000e+01   2.2649456e+01   1.4284144e+01   7.2971282e+00
   1.1241667e+01   2.2081205e+01   1.4478501e+01   7.6708612e+00
   1.1258333e+01  -9.9990000e+03  -9.9990000e+03  -9.9990000e+03
   1.1275000e+01   2.9787273e+01   2.1209269e+01   1.2823492e+01
   1.1291667e+01   3.0298542e+01   2.1046616e+01   1.3798409e+01
   1.1308333e+01   2.8856367e+01   2.0256207e+01   1.3694970e+01
   1.1325000e+01   2.9291082e+01   2.0465338e+01   1.3791229e+01
   1.1341667e+01   3.0015451e+01   2.0955624e+01   1.2919575e+01
   1.1358333e+01   2.9587042e+01   2.0926716e+01   1.4456257e+01
   1.1375000e+01   3.0302235e+01   2.0996347e+01   1.3399212e+01
   1.1391667e+01   2.9395367e+01   2.0707199e+01   1.4011156e+01
   1.1408333e+01   2.9745277e+01   2.1216722e+01   1.3927266e+01
   1.1425000e+01   2.9229818e+01   2.0617283e+01   1.3194390e+01
   1.1441667e+01   2.9266047e+01   2.0770365e+01   1.4347364e+01
   1.1458333e+01   2.9321745e+01   2.0546434e+01   1.3915759e+01
   1.1475000e+01   2.9421293e+01   2.0810965e+01   1.4165661e+01
   1.1491667e+01   2.9721575e+01   2.0839983e+01   1.3829727e+01
   1.1508333e+01   2.9916082e+01   2.1017984e+01   1.4238467e+01
   1.1525000e+01   2.9909655e+01   2.1104614e+01   1.3822662e+01
   1.1541667e+01   2.9728182e+01   2.0964386e+01   1.4706255e+01
   1.1558333e+01   2.9665878e+01   2.1193295e+01   1.3853318e+01
   1.1575000e+01   2.9417454e+01   2.1347687e+01   1.4540061e+01
   1.1591667e+01   3.0230143e+01   2.1294044e+01   1.4553049e+01
   1.1608333e+01   2.9626057e+01   2.1173126e+01   1.3702739e+01
   1.1625000e+01   2.9729269e+01   2.0872873e+01   1.4262634e+01
   1.1641667e+01   3.0076771e+01   2.1029589e+01   1.4296159e+01
   1.1658333e+01   2.9976276e+01   2.1217211e+01   1.4520491e+01
   1.1675000e+01   2.9756638e+01   2.1221651e+01   1.4156758e+01
   1.1691667e+01   3.0475111e+01   2.1958969e+01   1.4704849e+01
   1.1708333e+01   3.2092880e+01   2.2828560e+01   1.5244311e+01
   1.1725000e+01   3.2440166e+01   2.2824293e+01   1.5407016e+01
   1.1741667e+01   3.2846756e+01   2.3812233e+01   1.6961723e+01
   1.1758333e+01   3.7076565e+01   2.7473484e+01   2.0135643e+01
   1.1775000e+01   3.5469975e+01   2.6034369e+01   1.8563219e+01
   1.1791667e+01   3.7732651e+01   2.8095228e+01   1.9826445e+01
   1.1808333e+01   4.5930050e+01   3.5250984e+01   2.7194544e+01
   1.1825000e+01   4.0380749e+01   3.0808769e+01   2.2630465e+01
   1.1841667e+01   3.5618603e+01   2.6251192e+01   1.8717228e+01
   1.1858333e+01   3.9111305e+01   2.9141178e+01   2.1005257e+01
   1.1875000e+01   3.6519081e+01   2.6727959e+01   1.8792845e+01
   1.1891667e+01   4.1576881e+01   3.0928217e+01   2.3190613e+01
   1.1908333e+01   4.4212231e+01   3.3646568e+01   2.5751446e+01
   1.1925000e+01   4.2492390e+01   3.2634247e+01   2.4175228e+01
   1.1941667e+01   3.6335178e+01   2.7238409e+01   1.9668547e+01
   1.1958333e+01   3.5388580e+01   2.5948919e+01   1.8622799e+01
   1.1975000e+01   3.3890091e+01   2.4261017e+01   1.5693131e+01
   1.1991667e+01   3.2530800e+01   2.3655163e+01   1.6749342e+01
   1.2008333e+01   3.2925922e+01   2.3861412e+01   1.7066647e+01
   1.2025000e+01   3.5106274e+01   2.5821136e+01   1.8026293e+01
   1.2041667e+01   3.1360184e+01   2.2478331e+01   1.5195452e+01
   1.2058333e+01   3.1610720e+01   2.2436565e+01   1.5070595e+01
   1.2075000e+01   3.2002258e+01   2.3118767e+01   1.5390187e+01
   1.2091667e+01   3.1670822e+01   2.2938856e+01   1.5884231e+01
   1.2108333e+01   3.2171963e+01   2.2608631e+01   1.5797115e+01
   1.2125000e+01  -9.9990000e+03  -9.9990000e+03  -9.9990000e+03
   1.2141667e+01  -9.9990000e+03  -9.9990000e+03  -9.9990000e+03
   1.2158333e+01   2.4107433e+01   1.6646782e+01   8.5162487e+00
   1.2175000e+01   2.3871504e+01   1.5678518e+01   8.4686642e+00
   1.2191667e+01   2.3900345e+01   1.5304739e+01   7.8383555e+00
   1.2208333e+01   2.4140911e+01   1.5352703e+01   8.6891174e+00
   1.2225000e+01   2.3942453e+01   1.6338331e+01   8.5965824e+00
   1.2241667e+01   2.4818876e+01   1.6166445e+01   8.0873785e+00
   1.2258333e+01  -9.9990000e+03  -9.9990000e+03  -9.9990000e+03
   1.2275000e+01   3.5390549e+01   2.5776016e+01   1.6479923e+01
   1.2291667e+01   4.1857128e+01   3.0891182e+01   2.1847378e+01
   1.2308333e+01   4.7579708e+01   3.7136719e+01   2.8322618e+01
   1.2325000e+01   4.7610672e+01   3.6436729e+01   2.6514414e+01
   1.2341667e+01   4.4063446e+01   3.3396053e+01   2.4084843e+01
   1.2358333e+01   4.4732052e+01   3.4302025e+01   2.6317177e+01
   1.2375000e+01   4.3585705e+01   3.2560852e+01   2.3533087e+01
   1.2391667e+01   4.3028492e+01   3.3129784e+01   2.4870832e+01
   1.2408333e+01   4.3598614e+01   3.2879532e+01   2.3721525e+01
   1.2425000e+01   3.9917892e+01   2.9606609e+01   2.1687714e+01
   1.2441667e+01   3.6576633e+01   2.6629892e+01   1.8898952e+01
   1.2458333e+01   3.4471573e+01   2.4813890e+01   1.7445276e+01
   1.2475000e+01   3.6124779e+01   2.6276283e+01   1.8095108e+01
   1.2491667e+01   3.8023979e+01   2.7811741e+01   1.9146973e+01
   1.2508333e+01   3.9305092e+01   2.8914114e+01   2.0717934e+01
   1.2525000e+01   4.0153828e+01   2.9894598e+01   2.1824894e+01
   1.2541667e+01   4.1565796e+01   3.1142508e+01   2.2540909e+01
   1.2558333e+01   3.6689419e+01   2.7218515e+01   1.9504938e+01
   1.2575000e+01   3.7230755e+01   2.7529442e+01   2.0140034e+01
   1.2591667e+01   3.5885578e+01   2.6219168e+01   1.8142637e+01
   1.2608333e+01   3.6500843e+01   2.7061535e+01   1.9125462e+01
   1.2625000e+01   3.6202152e+01   2.6313868e+01   1.7489367e+01
   1.2641667e+01   3.5968044e+01   2.6139954e+01   1.8948505e+01
   1.2658333e+01   3.3806927e+01   2.4373201e+01   1.6714209e+01
   1.2675000e+01   3.3583355e+01   2.4119587e+01   1.6837046e+01
   1.2691667e+01   3.3828388e+01   2.3939915e+01   1.6500643e+01
   1.2708333e+01   3.3513336e+01   2.3544130e+01   1.6352606e+01
   1.2725000e+01   3.3816929e+01   2.4253487e+01   1.6640594e+01
   1.2741667e+01   3.2978519e+01   2.3491133e+01   1.6438679e+01
   1.2758333e+01   3.3302162e+01   2.3789961e+01   1.6050926e+01
   1.2775000e+01   3.4149723e+01   2.4545874e+01   1.6547607e+01
   1.2791667e+01   3.4536282e+01   2.4604483e+01   1.6401861e+01
   1.2808333e+01   3.3846687e+01   2.4085125e+01   1.6817938e+01
   1.2825000e+01   3.2616863e+01   2.3052460e+01   1.6319382e+01
   1.2841667e+01   3.3427135e+01   2.3606297e+01   1.5605678e+01
   1.2858333e+01   3.3081226e+01   2.3401142e+01   1.6016647e+01
   1.2875000e+01   3.2965317e+01   2.3321426e+01   1.5524921e+01
   1.2891667e+01   3.3052383e+01   2.3382990e+01   1.5460649e+01
   1.2908333e+01   3.3214531e+01   2.3877077e+01   1.6420252e+01
   1.2925000e+01   3.4075893e+01   2.4488560e+01   1.6540779e+01
   1.2941667e+01   3.4150658e+01   2.4616983e+01   1.6846870e+01
   1.2958333e+01   3.3923866e+01   2.4405073e+01   1.6635925e+01
   1.2975000e+01   3.3812859e+01   2.3658159e+01   1.5575036e+01
   1.2991667e+01   3.4340538e+01   2.4505121e+01   1.7271843e+01
   1.3008333e+01  -9.9990000e+03  -9.9990000e+03  -9.9990000e+03
   1.3025000e+01  -9.9990000e+03  -9.9990000e+03  -9.9990000e+03
   1.3041667e+01   2.8270212e+01   1.8670835e+01   1.0075325e+01
   1.3058333e+01   2.7206766e+01   1.8005953e+01   9.3805704e+00
   1.3075000e+01   2.6962126e+01   1.7824320e+01   9.5250378e+00
   1.3091667e+01   2.7143362e+01   1.7908909e+01   1.0237629e+01
   1.3108333e+01   2.4454208e+01   1.6645576e+01   8.8566046e+00
   1.3125000e+01  -9.9990000e+03  -9.9990000e+03  -9.9990000e+03
   1.3141667e+01  -9.9990000e+03  -9.9990000e+03  -9.9990000e+03
   1.3158333e+01   3.5716831e+01   2.5786413e+01   1.7569302e+01
   1.3175000e+01   3.6363091e+01   2.6270643e+01   1.8829901e+01
   1.3191667e+01   3.9163963e+01   2.8862700e+01   2.0561995e+01
   1.3208333e+01   3.9268406e+01   2.8618637e+01   2.0339401e+01
   1.3225000e+01   3.9234982e+01   2.9224430e+01   2.0326300e+01
   1.3241667e+01   4.0549843e+01   2.9826338e+01   2.1168404e+01
   1.3258333e+01  -9.9990000e+03  -9.9990000e+03  -9.9990000e+03
   1.3275000e+01  -9.9990000e+03  -9.9990000e+03  -9.9990000e+03
   1.3291667e+01   2.8438343e+01   1.9254307e+01   1.0701768e+01
   1.3308333e+01   2.9266882e+01   1.9921331e+01   1.0941150e+01
   1.3325000e+01   2.8027142e+01   1.8835793e+01   1.0473276e+01
   1.3341667e+01   2.7723801e+01   1.7898464e+01   9.8107882e+00
   1.3358333e+01   2.8259487e+01   1.9548090e+01   1.0688823e+01
   1.3375000e+01   2.5958544e+01   1.6940168e+01   9.1009808e+00
   1.3391667e+01   2.5594934e+01   1.6499060e+01   8.8723106e+00
   1.3408333e+01   2.6202538e+01   1.6586119e+01   8.5598307e+00
   1.3425000e+01   2.6054604e+01   1.6928064e+01   9.1064634e+00
   1.3441667e+01   2.7093828e+01   1.7032251e+01   8.8831663e+00
   1.3458333e+01   2.6462080e+01   1.8011093e+01   9.6196022e+00
   1.3475000e+01   2.6003460e+01   1.7391211e+01   9.3154278e+00
   1.3491667e+01   2.6443590e+01   1.7971758e+01   9.5753517e+00
   1.3508333e+01   2.7474600e+01   1.8054762e+01   9.6107359e+00
   1.3525000e+01   2.7181948e+01   1.7680351e+01   9.4159870e+00
   1.3541667e+01   2.6409374e+01   1.7544537e+01   9.1737137e+00
   1.3558333e+01   2.6840130e+01   1.8027950e+01   9.9681292e+00
   1.3575000e+01   2.6972691e+01   1.7753132e+01   9.0539379e+00
   1.3591667e+01   2.6999353e+01   1.7707926e+01   9.7374268e+00
   1.3608333e+01   2.8169054e+01   1.8808437e+01   1.0539723e+01
   1.3625000e+01   2.7458912e+01   1.8492558e+01   1.0254710e+01
   1.3641667e+01   2.8109158e+01   1.8248066e+01   9.9183998e+00
   1.3658333e+01   2.6336403e+01   1.8073273e+01   9.8516998e+00
   1.3675000e+01   2.5189587e+01   1.6482695e+01   9.3131838e+00
   1.3691667e+01   2.5694262e+01   1.6769573e+01   8.5632620e+00
   1.3708333e+01   2.5073231e+01   1.6314304e+01   8.7808647e+00
   1.3725000e+01   2.5487129e+01   1.6107122e+01   8.7478428e+00
   1.3741667e+01   2.4663702e+01   1.6531301e+01   8.7705622e+00
   1.3758333e+01   2.4955397e+01   1.6099361e+01   8.9963970e+00
   1.3775000e+01   2.4756660e+01   1.6023405e+01   8.2414865e+00
   1.3791667e+01   2.5661901e+01   1.6167248e+01   8.7260876e+00
   1.3808333e+01   2.5631453e+01   1.6297424e+01   8.4701195e+00
   1.3825000e+01   2.5160677e+01   1.6243313e+01   8.5075150e+00
   1.3841667e+01   2.4442286e+01   1.5993833e+01   8.2381229e+00
   1.3858333e+01   2.5026520e+01   1.6298956e+01   8.0546427e+00
   1.3875000e+01   2.5805643e+01   1.6223606e+01   8.7939291e+00
   1.3891667e+01   2.5155571e+01   1.5701707e+01   8.3215761e+00
   1.3908333e+01   2.5187834e+01   1.5863026e+01   7.8862462e+00
   1.3925000e+01   2.5236832e+01   1.6244776e+01   8.4418612e+00
   1.3941667e+01   2.4783091e+01   1.6295307e+01   8.1849947e+00
   1.3958333e+01   2.4881474e+01   1.5816934e+01   8.5288658e+00
   1.3975000e+01   2.6191349e+01   1.6012535e+01   8.1544619e+00
   1.3991667e+01   2.5818022e+01   1.6497606e+01   9.3792725e+00
   1.4008333e+01   2.6057417e+01   1.6793722e+01   8.4937096e+00
   1.4025000e+01   2.5059423e+01   1.6181238e+01   8.6012497e+00
   1.4041667e+01   2.5736591e+01   1.6558126e+01   8.4766369e+00
   1.4058333e+01   2.5421844e+01   1.5796510e+01   8.1048498e+00
   1.4075000e+01   2.4326744e+01   1.6658298e+01   8.4702425e+00
   1.4091667e+01   2.4290798e+01   1.6241047e+01   8.4103422e+00
   1.4108333e+01   2.5386770e+01   1.7028561e+01   8.4278154e+00
   1.4125000e+01  -9.9990000e+03  -9.9990000e+03  -9.9990000e+03
   1.4141667e+01  -9.9990000e+03  -9.9990000e+03  -9.9990000e+03
   1.4158333e+01   3.6335644e+01   2.6519472e+01   1.7881447e+01
   1.4175000e+01   3.6045048e+01   2.5907576e+01   1.7682652e+01
   1.4191667e+01   3.6452602e+01   2.6311436e+01   1.7776148e+01
   1.4208333e+01   3.7045391e+01   2.6661207e+01   1.8161240e+01
   1.4225000e+01   3.7266102e+01   2.7281876e+01   1.8492365e+01
   1.4241667e+01   3.7070198e+01   2.6942726e+01   1.9561880e+01
   1.4258333e+01  -9.9990000e+03  -9.9990000e+03  -9.9990000e+03
   1.4275000e+01  -9.9990000e+03  -9.9990000e+03  -9.9990000e+03
   1.4291667e+01   2.7736536e+01   1.7244535e+01   9.1309223e+00
   1.4308333e+01   2.7346119e+01   1.8237898e+01   9.3068848e+00
   1.4325000e+01   2.6035437e+01   1.7137310e+01   9.4720078e+00
   1.4341667e+01   2.6223125e+01   1.6667734e+01   9.2655878e+00
   1.4358333e+01   2.7008659e+01   1.6806858e+01   8.8212318e+00
   1.4375000e+01   2.6426144e+01   1.7370129e+01   9.1523752e+00
   1.4391667e+01   2.6443539e+01   1.7249313e+01   9.2679634e+00
   1.4408333e+01   2.6208399e+01   1.7305391e+01   9.7224579e+00
   1.4425000e+01   2.6846025e+01   1.6844238e+01   8.6191387e+00
   1.4441667e+01   2.6036921e+01   1.7599617e+01   9.0688086e+00
   1.4458333e+01   2.6744816e+01   1.7229395e+01   8.9252663e+00
   1.4475000e+01   2.5911715e+01   1.6760868e+01   8.2658978e+00
   1.4491667e+01   2.5804790e+01   1.7074049e+01   8.9307680e+00
   1.4508333e+01   2.6603085e+01   1.6915499e+01   8.9231558e+00
   1.4525000e+01   2.5783077e+01   1.6344187e+01   8.4872217e+00
   1.4541667e+01   2.5498653e+01   1.5934319e+01   8.2434788e+00
   1.4558333e+01   2.5169590e+01   1.6747896e+01   8.7498436e+00
   1.4575000e+01   2.5875406e+01   1.6766932e+01   8.7332125e+00
   1.4591667e+01   2.6916233e+01   1.6635992e+01   8.9666862e+00
   1.4608333e+01   2.6278852e+01   1.6764944e+01   9.0413055e+00
   1.4625000e+01   2.6090723e+01   1.6948235e+01   8.6785240e+00
   1.4641667e+01   2.6617468e+01   1.6985563e+01   8.9057760e+00
   1.4658333e+01   2.6563171e+01   1.7306259e+01   8.9621582e+00
   1.4675000e+01   2.5873621e+01   1.7377996e+01   9.5395164e+00
   1.4691667e+01   2.6661737e+01   1.7204584e+01   9.6841621e+00
   1.4708333e+01   2.6785505e+01   1.7813707e+01   9.4979706e+00
   1.4725000e+01   2.5896055e+01   1.7316944e+01   8.9611359e+00
   1.4741667e+01   2.6485624e+01   1.7018669e+01   8.6681528e+00
   1.4758333e+01   2.5824532e+01   1.6695307e+01   8.4284906e+00
   1.4775000e+01   2.6472181e+01   1.7413252e+01   8.8055449e+00
   1.4791667e+01   2.5862646e+01   1.6617857e+01   8.7695789e+00
   1.4808333e+01   2.6034697e+01   1.7234631e+01   8.7535267e+00
   1.4825000e+01   2.5475149e+01   1.7737322e+01   9.3440228e+00
   1.4841667e+01   2.6781338e+01   1.8075123e+01   8.8532400e+00
   1.4858333e+01   2.6138069e+01   1.7699284e+01   9.8862600e+00
   1.4875000e+01   2.6722052e+01   1.7461308e+01   9.0488253e+00
   1.4891667e+01   2.7243069e+01   1.7550829e+01   9.1826992e+00
   1.4908333e+01   2.7421446e+01   1.7837927e+01   9.3248320e+00
   1.4925000e+01   2.6781300e+01   1.7441906e+01   9.2180643e+00
   1.4941667e+01   2.7003738e+01   1.8069946e+01   9.5243683e+00
   1.4958333e+01   2.6837490e+01   1.7238342e+01   9.6703510e+00
   1.4975000e+01   2.7260441e+01   1.7555115e+01   9.0870352e+00
   1.4991667e+01   2.7021166e+01   1.7328920e+01   9.1136160e+00
   1.5008333e+01  -9.9990000e+03  -9.9990000e+03  -9.9990000e+03
   1.5025000e+01   3.9939201e+01   2.8598904e+01   1.9640045e+01
   1.5041667e+01   3.7766132e+01   2.7087133e+01   1.8464827e+01
   1.5058333e+01   3.8474415e+01   2.7614323e+01   1.8858643e+01
   1.5075000e+01   3.7670517e+01   2.6904139e+01   1.8345285e+01
   1.5091667e+01   3.7887348e+01   2.7414379e+01   1.8831461e+01
   1.5108333e+01   3.7166908e+01   2.6675438e+01   1.8367239e+01
   1.5125000e+01  -9.9990000e+03  -9.9990000e+03  -9.9990000e+03
   1.5141667e+01  -9.9990000e+03  -9.9990000e+03  -9.9990000e+03
   1.5158333e+01   2.6132957e+01   1.7566217e+01   9.1410379e+00
   1.5175000e+01   2.5849838e+01   1.7398302e+01   8.8188181e+00
   1.5191667e+01   2.6865047e+01   1.7321024e+01   8.6748619e+00
   1.5208333e+01   2.6074629e+01   1.7052914e+01   8.6459980e+00
   1.5225000e+01   2.6121643e+01   1.7057215e+01   8.5145340e+00
   1.5241667e+01   2.5838766e+01   1.7984163e+01   9.1280956e+00
   1.5258333e+01  -9.9990000e+03  -9.9990000e+03  -9.9990000e+03
   1.5275000e+01   3.5249645e+01   2.4179756e+01   1.6592003e+01
   1.5291667e+01   3.7595245e+01   2.6657896e+01   1.7767166e+01
   1.5308333e+01   3.7190102e+01   2.6548416e+01   1.8164337e+01
   1.5325000e+01   3.6014584e+01   2.5636362e+01   1.7337700e+01
   1.5341667e+01   3.5991180e+01   2.5463755e+01   1.6839401e+01
   1.5358333e+01   3.6327858e+01   2.5780455e+01   1.7769251e+01
   1.5375000e+01   3.5670025e+01   2.5763346e+01   1.8338976e+01
   1.5391667e+01   3.6481251e+01   2.5348061e+01   1.7000698e+01
   1.5408333e+01   3.6609760e+01   2.5967844e+01   1.7384558e+01
   1.5425000e+01   3.6512585e+01   2.5955366e+01   1.7372528e+01
   1.5441667e+01   3.7392738e+01   2.6500864e+01   1.7794804e+01
   1.5458333e+01   3.5961964e+01   2.6038549e+01   1.8083109e+01
   1.5475000e+01   3.6784878e+01   2.6212412e+01   1.7059212e+01
   1.5491667e+01   3.6640934e+01   2.5658054e+01   1.7595406e+01
   1.5508333e+01   3.6472595e+01   2.5787254e+01   1.7326328e+01
   1.5525000e+01   3.6890076e+01   2.6067776e+01   1.7381826e+01
   1.5541667e+01   3.7157452e+01   2.6433619e+01   1.7798531e+01
   1.5558333e+01   3.6367279e+01   2.6372005e+01   1.8314219e+01
   1.5575000e+01   3.7541588e+01   2.6480694e+01   1.7621906e+01
   1.5591667e+01   3.6557064e+01   2.6308210e+01   1.7566313e+01
   1.5608333e+01   3.7115250e+01   2.6590631e+01   1.7918898e+01
   1.5625000e+01   3.6853649e+01   2.6547401e+01   1.7616827e+01
   1.5641667e+01   3.7142078e+01   2.6409342e+01   1.7103882e+01
   1.5658333e+01   3.6493523e+01   2.5789894e+01   1.7565729e+01
   1.5675000e+01   3.6484917e+01   2.5931688e+01   1.7898224e+01
   1.5691667e+01   3.5207333e+01   2.4923332e+01   1.7316957e+01
   1.5708333e+01   3.5980202e+01   2.5295212e+01   1.6738476e+01
   1.5725000e+01   3.6897285e+01   2.6189735e+01   1.7831617e+01
   1.5741667e+01   3.5314362e+01   2.5250645e+01   1.6635773e+01
   1.5758333e+01   3.6110966e+01   2.5554821e+01   1.7578337e+01
   1.5775000e+01   3.7104034e+01   2.6037920e+01   1.6710781e+01
   1.5791667e+01   3.7628891e+01   2.6425955e+01   1.7641960e+01
   1.5808333e+01   3.6602596e+01   2.6150896e+01   1.8028656e+01
   1.5825000e+01   3.6509106e+01   2.5712687e+01   1.6811275e+01
   1.5841667e+01   3.5405800e+01   2.5306849e+01   1.6828531e+01
   1.5858333e+01   3.5384789e+01   2.5339422e+01   1.6421675e+01
   1.5875000e+01   3.4449623e+01   2.4584072e+01   1.6594748e+01
   1.5891667e+01   3.5834846e+01   2.5210800e+01   1.6945124e+01
   1.5908333e+01   3.4639309e+01   2.4186825e+01   1.5985640e+01
   1.5925000e+01   3.5565754e+01   2.4820055e+01   1.6533695e+01
   1.5941667e+01   3.6410854e+01   2.5013584e+01   1.5688388e+01
   1.5958333e+01   3.5165150e+01   2.4691771e+01   1.6373659e+01
   1.5975000e+01   3.5297710e+01   2.4695963e+01   1.6894266e+01
   1.5991667e+01   3.5682148e+01   2.5091639e+01   1.6523609e+01
   1.6008333e+01   3.4849899e+01   2.4551874e+01   1.5922091e+01
   1.6025000e+01   3.5166172e+01   2.5326822e+01   1.6769526e+01
   1.6041667e+01   3.4699520e+01   2.4639915e+01   1.6413151e+01
   1.6058333e+01   3.5028908e+01   2.4384939e+01   1.5542805e+01
   1.6075000e+01   3.4039116e+01   2.3943920e+01   1.5809700e+01
   1.6091667e+01   3.5551319e+01   2.4755083e+01   1.6751699e+01
   1.6108333e+01   3.5705906e+01   2.4977213e+01   1.5956416e+01
   1.6125000e+01  -9.9990000e+03  -9.9990000e+03  -9.9990000e+03
   1.6141667e+01  -9.9990000e+03  -9.9990000e+03  -9.9990000e+03
   1.6158333e+01   2.6441879e+01   1.7688074e+01   9.9057503e+00
   1.6175000e+01   2.6742813e+01   1.7293550e+01   8.6986780e+00
   1.6191667e+01   2.7331068e+01   1.7032806e+01   8.9424305e+00
   1.6208333e+01   2.6261600e+01   1.6967367e+01   8.7766638e+00
   1.6225000e+01   2.6612211e+01   1.7318634e+01   8.9412060e+00
   1.6241667e+01   2.7589691e+01   1.7078232e+01   8.7523022e+00
   1.6258333e+01  -9.9990000e+03  -9.9990000e+03  -9.9990000e+03
   1.6275000e+01   3.7726398e+01   2.7389784e+01   1.8131159e+01
   1.6291667e+01   3.6338032e+01   2.5928757e+01   1.7350582e+01
   1.6308333e+01   3.6915295e+01   2.5906298e+01   1.7295673e+01
   1.6325000e+01   3.6418140e+01   2.6002541e+01   1.7679770e+01
   1.6341667e+01   3.7044044e+01   2.6180273e+01   1.7753582e+01
   1.6358333e+01   3.6863106e+01   2.5964800e+01   1.7264582e+01
   1.6375000e+01   3.7231499e+01   2.6020861e+01   1.7675230e+01
   1.6391667e+01   3.7257854e+01   2.6238359e+01   1.7296291e+01
   1.6408333e+01   3.6777805e+01   2.5898872e+01   1.7638481e+01
   1.6425000e+01   3.8290665e+01   2.6491385e+01   1.6966938e+01
   1.6441667e+01   3.7125416e+01   2.6432596e+01   1.7367077e+01
   1.6458333e+01   3.8052010e+01   2.6807924e+01   1.7271084e+01
   1.6475000e+01   3.8445255e+01   2.7407900e+01   1.8502741e+01
   1.6491667e+01   3.8014252e+01   2.6744860e+01   1.8127680e+01
   1.6508333e+01   3.8463734e+01   2.7579523e+01   1.7978354e+01
   1.6525000e+01   3.8182018e+01   2.7082445e+01   1.8608555e+01
   1.6541667e+01   3.8557014e+01   2.6909389e+01   1.7215820e+01
   1.6558333e+01   3.8643147e+01   2.7580910e+01   1.9244753e+01
   1.6575000e+01   3.8675663e+01   2.7070522e+01   1.8001974e+01
   1.6591667e+01   3.7936150e+01   2.6578463e+01   1.7849943e+01
   1.6608333e+01   3.9453331e+01   2.7896887e+01   1.8597902e+01
   1.6625000e+01   3.8893890e+01   2.7528543e+01   1.8480280e+01
   1.6641667e+01   3.9667252e+01   2.8317606e+01   1.8440214e+01
   1.6658333e+01   3.8819839e+01   2.7429829e+01   1.8530670e+01
   1.6675000e+01   3.9907055e+01   2.8005085e+01   1.8807001e+01
   1.6691667e+01   4.0000076e+01   2.8178419e+01   1.8418236e+01
   1.6708333e+01   3.9580078e+01   2.8007444e+01   1.8328678e+01
   1.6725000e+01   3.9620384e+01   2.7850264e+01   1.8496576e+01
   1.6741667e+01   3.9840321e+01   2.7996233e+01   1.8348972e+01
   1.6758333e+01   4.0336220e+01   2.8124895e+01   1.8563934e+01
   1.6775000e+01   3.9494289e+01   2.8495228e+01   1.9072954e+01
   1.6791667e+01   4.0903053e+01   2.8548300e+01   1.8575962e+01
   1.6808333e+01   4.0653328e+01   2.8723333e+01   1.8748318e+01
   1.6825000e+01   4.1008602e+01   2.9097778e+01   1.9035971e+01
   1.6841667e+01   4.1447975e+01   2.9405951e+01   1.9560099e+01
   1.6858333e+01   4.0260071e+01   2.8459822e+01   1.9204424e+01
   1.6875000e+01   4.0111366e+01   2.8216774e+01   1.8846001e+01
   1.6891667e+01   4.0376347e+01   2.8607185e+01   1.8729456e+01
   1.6908333e+01   3.9899563e+01   2.8038839e+01   1.7793791e+01
   1.6925000e+01   3.9460445e+01   2.7684866e+01   1.8480423e+01
   1.6941667e+01   3.9109814e+01   2.7532013e+01   1.8258263e+01
   1.6958333e+01   3.9790905e+01   2.8365072e+01   1.9090206e+01
   1.6975000e+01   4.0317532e+01   2.8460182e+01   1.8672907e+01
   1.6991667e+01   4.0002213e+01   2.8525677e+01   1.9494501e+01
   1.7008333e+01  -9.9990000e+03  -9.9990000e+03  -9.9990000e+03
   1.7025000e+01  -9.9990000e+03  -9.9990000e+03  -9.9990000e+03
   1.7041667e+01   2.8908056e+01   1.8540979e+01   9.3920498e+00
   1.7058333e+01   2.9752155e+01   1.8727779e+01   9.8339472e+00
   1.7075000e+01   2.9250614e+01   1.8901525e+01   9.7626228e+00
   1.7091667e+01   2.8404099e+01   1.8225708e+01   9.5946674e+00
   1.7108333e+01   2.8465868e+01   1.7749765e+01   9.5360775e+00
   1.7125000e+01  -9.9990000e+03  -9.9990000e+03  -9.9990000e+03
   1.7141667e+01  -9.9990000e+03  -9.9990000e+03  -9.9990000e+03
   1.7158333e+01   3.6932560e+01   2.5944229e+01   1.6529493e+01
   1.7175000e+01   3.6856789e+01   2.5671633e+01   1.7165447e+01
   1.7191667e+01   3.7063190e+01   2.5662994e+01   1.6321863e+01
   1.7208333e+01   3.8196209e+01   2.6830256e+01   1.7648447e+01
   1.7225000e+01   3.6908272e+01   2.5477221e+01   1.6857988e+01
   1.7241667e+01   3.7149982e+01   2.6248493e+01   1.7592220e+01
   1.7258333e+01  -9.9990000e+03  -9.9990000e+03  -9.9990000e+03
   1.7275000e+01  -9.9990000e+03  -9.9990000e+03  -9.9990000e+03
   1.7291667e+01   2.8315769e+01   1.8524048e+01   9.5479622e+00
   1.7308333e+01   2.7462769e+01   1.7835732e+01   9.3956976e+00
   1.7325000e+01   2.8336285e+01   1.7915205e+01   9.0905018e+00
   1.7341667e+01   2.8649885e+01   1.7907240e+01   9.1524410e+00
   1.7358333e+01   2.7779003e+01   1.8232531e+01   9.3106451e+00
   1.7375000e+01   2.7747120e+01   1.7318348e+01   9.0596561e+00
   1.7391667e+01   2.8491749e+01   1.8063601e+01   9.7746277e+00
   1.7408333e+01   2.8422737e+01   1.7527594e+01   9.3146477e+00
   1.7425000e+01   2.7865112e+01   1.8104803e+01   9.3775759e+00
   1.7441667e+01   2.8252359e+01   1.8415413e+01   9.0481234e+00
   1.7458333e+01   2.8594986e+01   1.8258358e+01   9.5363255e+00
   1.7475000e+01   2.7904926e+01   1.8502193e+01   9.6686325e+00
   1.7491667e+01   2.6655701e+01   1.7552082e+01   8.8564110e+00
   1.7508333e+01   2.6513531e+01   1.7083323e+01   9.0004234e+00
   1.7525000e+01   2.7273870e+01   1.6965204e+01   9.1576500e+00
   1.7541667e+01   2.7723734e+01   1.6874516e+01   8.8839378e+00
   1.7558333e+01   2.6782822e+01   1.7368139e+01   9.3332405e+00
   1.7575000e+01   2.7315128e+01   1.7646112e+01   9.0527534e+00
   1.7591667e+01   2.6270924e+01   1.6692013e+01   8.9948025e+00
   1.7608333e+01   2.6143970e+01   1.7207876e+01   9.1260357e+00
   1.7625000e+01   2.5841347e+01   1.6580698e+01   8.7318192e+00
   1.7641667e+01   2.4931759e+01   1.6480247e+01   9.2482023e+00
   1.7658333e+01   2.6419470e+01   1.6827723e+01   8.8466644e+00
   1.7675000e+01   2.6490952e+01   1.6323040e+01   8.5564041e+00
   1.7691667e+01   2.6816952e+01   1.6526487e+01   8.6927061e+00
   1.7708333e+01   2.5748957e+01   1.6971428e+01   9.1951723e+00
   1.7725000e+01   2.6267010e+01   1.6597605e+01   9.2348118e+00
   1.7741667e+01   2.6629774e+01   1.6684958e+01   9.2429724e+00
   1.7758333e+01   2.6649672e+01   1.6673353e+01   9.0660906e+00
   1.7775000e+01   2.6332762e+01   1.6880413e+01   8.5248508e+00
   1.7791667e+01   2.5469034e+01   1.7100079e+01   8.5124855e+00
   1.7808333e+01   2.6179836e+01   1.6830305e+01   8.3466845e+00
   1.7825000e+01   2.7202024e+01   1.6952120e+01   8.6013012e+00
   1.7841667e+01   2.7157972e+01   1.6908592e+01   9.1440802e+00
   1.7858333e+01   2.6575260e+01   1.7161873e+01   8.7786112e+00
   1.7875000e+01   2.6016979e+01   1.6744856e+01   8.6942930e+00
   1.7891667e+01   2.6519644e+01   1.6855204e+01   9.0872364e+00
   1.7908333e+01   2.5790701e+01   1.6671173e+01   9.3245945e+00
   1.7925000e+01   2.5116796e+01   1.6955719e+01   9.0744238e+00
   1.7941667e+01   2.5509029e+01   1.6215553e+01   8.8120270e+00
   1.7958333e+01   2.3727146e+01   1.6165501e+01   8.8792210e+00
   1.7975000e+01   2.3382374e+01   1.5700269e+01   8.8013535e+00
   1.7991667e+01   2.3488546e+01   1.5519003e+01   8.6446505e+00
   1.8008333e+01   2.3334551e+01   1.6249910e+01   9.0250301e+00
   1.8025000e+01   2.3744560e+01   1.6092094e+01   9.0558786e+00
   1.8041667e+01   2.4386873e+01   1.6148643e+01   8.8456402e+00
   1.8058333e+01   2.4054396e+01   1.5878035e+01   8.5130453e+00
   1.8075000e+01   2.3528738e+01   1.6099741e+01   8.6931753e+00
   1.8091667e+01   2.3728186e+01   1.5201514e+01   8.4175501e+00
   1.8108333e+01   2.4528147e+01   1.6223141e+01   8.5475636e+00
   1.8125000e+01  -9.9990000e+03  -9.9990000e+03  -9.9990000e+03
   1.8141667e+01  -9.9990000e+03  -9.9990000e+03  -9.9990000e+03
   1.8158333e+01   3.3240528e+01   2.4795910e+01   1.7199902e+01
   1.8175000e+01   3.3591076e+01   2.4844421e+01   1.7060452e+01
   1.8191667e+01   3.3596031e+01   2.4838354e+01   1.7495613e+01
   1.8208333e+01   3.3986683e+01   2.4768900e+01   1.7391968e+01
   1.8225000e+01   3.3655090e+01   2.4334896e+01   1.6997335e+01
   1.8241667e+01   3.3942894e+01   2.5492523e+01   1.8025787e+01
   1.8258333e+01  -9.9990000e+03  -9.9990000e+03  -9.9990000e+03
   1.8275000e+01  -9.9990000e+03  -9.9990000e+03  -9.9990000e+03
   1.8291667e+01   2.3348255e+01   1.5789602e+01   8.9303808e+00
   1.8308333e+01   2.3441479e+01   1.5953598e+01   9.1569376e+00
   1.8325000e+01   2.4209564e+01   1.5850762e+01   8.8826494e+00
   1.8341667e+01   2.4357031e+01   1.6110769e+01   8.9059210e+00
   1.8358333e+01   2.4344894e+01   1.6218681e+01   8.4322014e+00
   1.8375000e+01   2.3306541e+01   1.5875216e+01   8.7547607e+00
   1.8391667e+01   2.2998343e+01   1.5863384e+01   8.4555187e+00
   1.8408333e+01   2.3357477e+01   1.5478908e+01   8.8693476e+00
   1.8425000e+01   2.3382994e+01   1.5536668e+01   8.9896221e+00
   1.8441667e+01   2.3575155e+01   1.6204294e+01   8.6271248e+00
   1.8458333e+01   2.3134327e+01   1.5728966e+01   8.8539762e+00
   1.8475000e+01   2.3599262e+01   1.5820341e+01   9.0431852e+00
   1.8491667e+01   2.3022722e+01   1.5027077e+01   8.5753880e+00
   1.8508333e+01   2.2727510e+01   1.5741769e+01   8.5066805e+00
   1.8525000e+01   2.2866693e+01   1.4927130e+01   8.7348518e+00
   1.8541667e+01   2.3601608e+01   1.5289037e+01   8.8930645e+00
   1.8558333e+01   2.2600336e+01   1.5606593e+01   8.4158754e+00
   1.8575000e+01   2.2624760e+01   1.5224041e+01   8.4974823e+00
   1.8591667e+01   2.2876406e+01   1.5290771e+01   8.4343166e+00
   1.8608333e+01   2.2042322e+01   1.5192080e+01   8.6634216e+00
   1.8625000e+01   2.2206030e+01   1.6069616e+01   8.5603027e+00
   1.8641667e+01   2.1682436e+01   1.5677676e+01   8.4617767e+00
   1.8658333e+01   2.2015383e+01   1.4897051e+01   8.2638865e+00
   1.8675000e+01   2.2674437e+01   1.5148922e+01   8.0639935e+00
   1.8691667e+01   2.2121817e+01   1.4766031e+01   8.7190990e+00
   1.8708333e+01   2.2550308e+01   1.5383508e+01   8.4080992e+00
   1.8725000e+01   2.2247959e+01   1.4955215e+01   8.4108906e+00
   1.8741667e+01   2.2812260e+01   1.5543111e+01   8.4778471e+00
   1.8758333e+01   2.2082493e+01   1.4766625e+01   8.1108990e+00
   1.8775000e+01   2.1981945e+01   1.5391251e+01   8.4585085e+00
   1.8791667e+01   2.1566507e+01   1.4794970e+01   8.8196430e+00
   1.8808333e+01   2.1215984e+01   1.4722853e+01   8.6276541e+00
   1.8825000e+01   2.1534531e+01   1.4749972e+01   8.5031919e+00
   1.8841667e+01   2.1792633e+01   1.5010606e+01   8.8520164e+00
   1.8858333e+01   2.0878929e+01   1.4536246e+01   8.4912872e+00
   1.8875000e+01   2.0869173e+01   1.4537340e+01   8.5554094e+00
   1.8891667e+01   2.0946938e+01   1.5069498e+01   8.7814531e+00
   1.8908333e+01   2.1611423e+01   1.4803185e+01   8.6396484e+00
   1.8925000e+01   2.1882032e+01   1.4971918e+01   8.8292475e+00
   1.8941667e+01   2.0106491e+01   1.4134478e+01   8.4926224e+00
   1.8958333e+01   2.0900555e+01   1.4611570e+01   8.3158760e+00
   1.8975000e+01   2.0436060e+01   1.4530105e+01   7.9974260e+00
   1.8991667e+01   2.0771448e+01   1.4414154e+01   8.1590166e+00
   1.9008333e+01  -9.9990000e+03  -9.9990000e+03  -9.9990000e+03
   1.9025000e+01   3.0962807e+01   2.3657581e+01   1.7029924e+01
   1.9041667e+01   3.1715694e+01   2.4115599e+01   1.7672577e+01
   1.9058333e+01   3.2792175e+01   2.5060383e+01   1.8749092e+01
   1.9075000e+01   3.1336548e+01   2.4004879e+01   1.8630173e+01
   1.9091667e+01   3.1352726e+01   2.4166647e+01   1.7550932e+01
   1.9108333e+01   3.2578945e+01   2.4765160e+01   1.7769470e+01
   1.9125000e+01  -9.9990000e+03  -9.9990000e+03  -9.9990000e+03
   1.9141667e+01  -9.9990000e+03  -9.9990000e+03  -9.9990000e+03
   1.9158333e+01   1.9501631e+01   1.4991648e+01   8.5707645e+00
   1.9175000e+01   2.0979223e+01   1.4862235e+01   8.3786201e+00
   1.9191667e+01   2.0410110e+01   1.4749713e+01   8.5677900e+00
   1.9208333e+01   2.1262766e+01   1.4757762e+01   8.4389400e+00
   1.9225000e+01   1.9876297e+01   1.4725527e+01   8.9009171e+00
   1.9241667e+01   2.1139389e+01   1.4695823e+01   9.0927477e+00
   1.9258333e+01  -9.9990000e+03  -9.9990000e+03  -9.9990000e+03
   1.9275000e+01   3.2775944e+01   2.5345549e+01   1.8932177e+01
   1.9291667e+01   3.2713154e+01   2.5674873e+01   1.9651909e+01
   1.9308333e+01   3.3451767e+01   2.5937206e+01   1.9814548e+01
   1.9325000e+01   3.3733963e+01   2.5793652e+01   1.9275522e+01
   1.9341667e+01   3.2867588e+01   2.5471502e+01   1.9424242e+01
   1.9358333e+01   3.3042351e+01   2.5794889e+01   2.0107517e+01
   1.9375000e+01   3.2855804e+01   2.5106464e+01   1.8719614e+01
   1.9391667e+01   3.2992435e+01   2.5551422e+01   1.9507887e+01
   1.9408333e+01   3.3434418e+01   2.5882393e+01   1.9624374e+01
   1.9425000e+01   3.4076740e+01   2.5840330e+01   1.8665028e+01
   1.9441667e+01   3.2836086e+01   2.5619112e+01   1.9432775e+01
   1.9458333e+01   3.3863724e+01   2.6727470e+01   2.0660715e+01
   1.9475000e+01   3.3199142e+01   2.5428320e+01   2.0066412e+01
   1.9491667e+01   3.2736294e+01   2.5467369e+01   1.9463955e+01
   1.9508333e+01   3.3476109e+01   2.5797441e+01   2.0103413e+01
   1.9525000e+01   3.4011436e+01   2.6437464e+01   1.9604824e+01
   1.9541667e+01   3.3547321e+01   2.6076498e+01   2.0954315e+01
   1.9558333e+01   3.3602924e+01   2.6321772e+01   2.0174629e+01
   1.9575000e+01   3.3713711e+01   2.6188398e+01   2.0176018e+01
   1.9591667e+01   3.4505497e+01   2.6579266e+01   1.9990894e+01
   1.9608333e+01   3.3757710e+01   2.5956184e+01   1.9681675e+01
   1.9625000e+01   3.5437958e+01   2.7176283e+01   2.0315067e+01
   1.9641667e+01   3.3965179e+01   2.6288742e+01   1.9258678e+01
   1.9658333e+01   3.4749832e+01   2.6836786e+01   2.0543829e+01
   1.9675000e+01   3.5303661e+01   2.6759575e+01   1.9420454e+01
   1.9691667e+01   3.4994205e+01   2.6685186e+01   2.0018785e+01
   1.9708333e+01   3.5012428e+01   2.6918152e+01   1.9957539e+01
   1.9725000e+01   3.5637947e+01   2.7067352e+01   1.9867662e+01
   1.9741667e+01   3.6662331e+01   2.7296114e+01   2.0119778e+01
   1.9758333e+01   3.5628510e+01   2.6840944e+01   2.0194242e+01
   1.9775000e+01   3.5739101e+01   2.7397278e+01   2.0392839e+01
   1.9791667e+01   3.5421783e+01   2.6926712e+01   1.9933123e+01
   1.9808333e+01   3.4968266e+01   2.6807055e+01   1.9482145e+01
   1.9825000e+01   3.5213345e+01   2.6497677e+01   1.9514612e+01
   1.9841667e+01   3.5028561e+01   2.6480709e+01   1.9969110e+01
   1.9858333e+01   3.5144245e+01   2.6088018e+01   1.8647636e+01
   1.9875000e+01   3.5351612e+01   2.6596617e+01   1.8834877e+01
   1.9891667e+01   3.4492126e+01   2.6997105e+01   1.9896952e+01
   1.9908333e+01   3.4570110e+01   2.6330257e+01   1.9747972e+01
   1.9925000e+01   3.4647221e+01   2.6457836e+01   1.9959473e+01
   1.9941667e+01   3.5553814e+01   2.7110491e+01   1.9655592e+01
   1.9958333e+01   3.6170765e+01   2.7694954e+01   2.0329962e+01
   1.9975000e+01   3.5184959e+01   2.6519335e+01   1.9340921e+01
   1.9991667e+01   3.5364532e+01   2.6862452e+01   1.9834198e+01
   2.0008333e+01   3.3914417e+01   2.5652103e+01   1.9491993e+01
   2.0025000e+01   3.5201984e+01   2.6682631e+01   1.9413568e+01
   2.0041667e+01   3.5083828e+01   2.6719376e+01   2.0436218e+01
   2.0058333e+01   3.5357563e+01   2.7303375e+01   2.0499525e+01
   2.0075000e+01   3.6323505e+01   2.7486761e+01   1.9904142e+01
   2.0091667e+01   3.6446541e+01   2.7422338e+01   2.0024353e+01
   2.0108333e+01   3.6188843e+01   2.7111744e+01   1.9225271e+01
   2.0125000e+01  -9.9990000e+03  -9.9990000e+03  -9.9990000e+03
   2.0141667e+01  -9.9990000e+03  -9.9990000e+03  -9.9990000e+03
   2.0158333e+01   2.2693741e+01   1.6170912e+01   9.4478035e+00
   2.0175000e+01   2.3090841e+01   1.6571712e+01   9.6626081e+00
   2.0191667e+01   2.2116449e+01   1.5709360e+01   9.4220572e+00
   2.0208333e+01   2.2821699e+01   1.5970581e+01   9.6035213e+00
   2.0225000e+01   2.2349176e+01   1.6411903e+01   9.3560324e+00
   2.0241667e+01   2.3277205e+01   1.5651413e+01   9.7497654e+00
   2.0258333e+01  -9.9990000e+03  -9.9990000e+03  -9.9990000e+03
   2.0275000e+01   3.4806068e+01   2.7043888e+01   1.9745457e+01
   2.0291667e+01   3.6146458e+01   2.7733545e+01   2.0405680e+01
   2.0308333e+01   3.5709881e+01   2.7183807e+01   2.0252918e+01
   2.0325000e+01   3.6138031e+01   2.8335653e+01   2.0146217e+01
   2.0341667e+01   3.6304218e+01   2.7534538e+01   2.0236252e+01
   2.0358333e+01   3.6199352e+01   2.7744228e+01   2.0860361e+01
   2.0375000e+01   3.6550995e+01   2.8020138e+01   2.0380241e+01
   2.0391667e+01   3.6046379e+01   2.7628527e+01   1.9639977e+01
   2.0408333e+01   3.5382805e+01   2.6991959e+01   2.0281305e+01
   2.0425000e+01   3.5264557e+01   2.6571386e+01   2.0418222e+01
   2.0441667e+01   3.6319256e+01   2.8132595e+01   2.1052155e+01
   2.0458333e+01   3.5495079e+01   2.6872002e+01   2.0059555e+01
   2.0475000e+01   3.4504284e+01   2.6715614e+01   1.9973078e+01
   2.0491667e+01   3.6298538e+01   2.7713531e+01   2.0541071e+01
   2.0508333e+01   3.5770905e+01   2.7938709e+01   2.0564672e+01
   2.0525000e+01   3.5483612e+01   2.7547998e+01   2.0338425e+01
   2.0541667e+01   3.6338356e+01   2.8023397e+01   2.0973667e+01
   2.0558333e+01   3.6372627e+01   2.7808277e+01   2.0751808e+01
   2.0575000e+01   3.6380070e+01   2.8045303e+01   2.0238609e+01
   2.0591667e+01   3.5352634e+01   2.6889231e+01   1.9912346e+01
   2.0608333e+01   3.5663364e+01   2.7091995e+01   2.0598911e+01
   2.0625000e+01   3.5574055e+01   2.7467003e+01   2.0947544e+01
   2.0641667e+01   3.5164898e+01   2.6847956e+01   1.9466223e+01
   2.0658333e+01   3.6929512e+01   2.8064207e+01   2.0590271e+01
   2.0675000e+01   3.6192692e+01   2.7221849e+01   1.9914291e+01
   2.0691667e+01   3.6311771e+01   2.7680595e+01   2.0588530e+01
   2.0708333e+01   3.5242561e+01   2.6699341e+01   2.0834272e+01
   2.0725000e+01   3.6298195e+01   2.7922373e+01   2.1026842e+01
   2.0741667e+01   3.5584743e+01   2.7088715e+01   2.0305418e+01
   2.0758333e+01   3.5296593e+01   2.6769703e+01   1.9176790e+01
   2.0775000e+01   3.6047596e+01   2.7651972e+01   2.0047499e+01
   2.0791667e+01   3.5296608e+01   2.6735689e+01   2.0982502e+01
   2.0808333e+01   3.5309296e+01   2.7176622e+01   2.1019194e+01
   2.0825000e+01   3.5933186e+01   2.7350721e+01   2.0942223e+01
   2.0841667e+01   3.6406372e+01   2.7645231e+01   2.0254173e+01
   2.0858333e+01   3.5380741e+01   2.7106943e+01   2.0333855e+01
   2.0875000e+01   3.5393299e+01   2.6751091e+01   1.9153419e+01
   2.0891667e+01   3.5271557e+01   2.7073420e+01   2.0664663e+01
   2.0908333e+01   3.5551380e+01   2.7261700e+01   1.9986012e+01
   2.0925000e+01   3.6090240e+01   2.7230513e+01   1.9342751e+01
   2.0941667e+01   3.5373947e+01   2.7221880e+01   2.0658585e+01
   2.0958333e+01   3.6516285e+01   2.7606031e+01   2.0869158e+01
   2.0975000e+01   3.5171978e+01   2.6891178e+01   2.0596926e+01
   2.0991667e+01   3.4982624e+01   2.7166544e+01   1.9957382e+01
   2.1008333e+01  -9.9990000e+03  -9.9990000e+03  -9.9990000e+03
   2.1025000e+01  -9.9990000e+03  -9.9990000e+03  -9.9990000e+03
   2.1041667e+01   2.3544044e+01   1.6489214e+01   1.0100477e+01
   2.1058333e+01   2.3038660e+01   1.6306175e+01   9.2081747e+00
   2.1075000e+01   2.3150015e+01   1.5482250e+01   9.3253736e+00
   2.1091667e+01   2.3742785e+01   1.6199581e+01   1.0106048e+01
   2.1108333e+01   2.2353832e+01   1.6336704e+01   9.2509737e+00
   2.1125000e+01  -9.9990000e+03  -9.9990000e+03  -9.9990000e+03
   2.1141667e+01  -9.9990000e+03  -9.9990000e+03  -9.9990000e+03
   2.1158333e+01   3.6105663e+01   2.7271149e+01   2.0173946e+01
   2.1175000e+01   3.6294350e+01   2.7416626e+01   1.9822577e+01
   2.1191667e+01   3.5625759e+01   2.7119059e+01   1.9770016e+01
   2.1208333e+01   3.6290134e+01   2.7617138e+01   1.9917915e+01
   2.1225000e+01   3.5697998e+01   2.6822945e+01   2.0003387e+01
   2.1241667e+01   3.5363750e+01   2.6625984e+01   1.8960976e+01
   2.1258333e+01  -9.9990000e+03  -9.9990000e+03  -9.9990000e+03
   2.1275000e+01  -9.9990000e+03  -9.9990000e+03  -9.9990000e+03
   2.1291667e+01   2.3366615e+01   1.6867657e+01   9.6391010e+00
   2.1308333e+01   2.3061857e+01   1.6347618e+01   9.0214233e+00
   2.1325000e+01   2.3721981e+01   1.6918367e+01   9.4640245e+00
   2.1341667e+01   2.3455168e+01   1.6303356e+01   9.4898214e+00
   2.1358333e+01   2.4159933e+01   1.6012604e+01   9.7459059e+00
   2.1375000e+01   2.2987030e+01   1.6484468e+01   9.8124733e+00
   2.1391667e+01   2.3488031e+01   1.6915070e+01   1.0271224e+01
   2.1408333e+01   2.2730957e+01   1.6433859e+01   9.7809639e+00
   2.1425000e+01   2.4149937e+01   1.6660517e+01   9.6975231e+00
   2.1441667e+01   2.3532669e+01   1.6572639e+01   9.7724915e+00
   2.1458333e+01   2.3859016e+01   1.6648399e+01   9.6631432e+00
   2.1475000e+01   2.3533203e+01   1.6427519e+01   1.0252539e+01
   2.1491667e+01   2.3490059e+01   1.6680780e+01   9.9571095e+00
   2.1508333e+01   2.3410639e+01   1.6620531e+01   9.7504282e+00
   2.1525000e+01   2.3260908e+01   1.6722666e+01   9.7451611e+00
   2.1541667e+01   2.3570915e+01   1.6059025e+01   9.8234138e+00
   2.1558333e+01   2.3162041e+01   1.6537748e+01   9.5930014e+00
   2.1575000e+01   2.3356131e+01   1.6071497e+01   9.8718357e+00
   2.1591667e+01   2.3417070e+01   1.6486534e+01   9.6293602e+00
   2.1608333e+01   2.3115463e+01   1.6471422e+01   9.6255836e+00
   2.1625000e+01   2.4084085e+01   1.6478868e+01   9.3815136e+00
   2.1641667e+01   2.4453140e+01   1.6830330e+01   9.7489433e+00
   2.1658333e+01   2.4265455e+01   1.6672619e+01   9.4423256e+00
   2.1675000e+01   2.3255589e+01   1.6075045e+01   9.8037157e+00
   2.1691667e+01   2.3574472e+01   1.6623306e+01   9.5278931e+00
   2.1708333e+01   2.4274092e+01   1.5971813e+01   9.4307213e+00
   2.1725000e+01   2.3194807e+01   1.5672867e+01   9.5620708e+00
   2.1741667e+01   2.2654797e+01   1.5923969e+01   9.2771368e+00
   2.1758333e+01   2.1472164e+01   1.5352608e+01   9.0770922e+00
   2.1775000e+01   2.2189581e+01   1.5857975e+01   9.0696430e+00
   2.1791667e+01   2.2087461e+01   1.5617396e+01   9.1914854e+00
   2.1808333e+01   2.1780621e+01   1.5757651e+01   9.2672100e+00
   2.1825000e+01   2.1864550e+01   1.5595557e+01   9.3362465e+00
   2.1841667e+01   2.1771820e+01   1.4816868e+01   9.1125269e+00
   2.1858333e+01   2.1670238e+01   1.5461227e+01   8.9147310e+00
   2.1875000e+01   2.2287865e+01   1.5171741e+01   9.3031473e+00
   2.1891667e+01   2.1967539e+01   1.4979860e+01   9.4043808e+00
   2.1908333e+01   2.0724188e+01   1.5363289e+01   9.5590057e+00
   2.1925000e+01   2.1261425e+01   1.5296850e+01   9.1011238e+00
   2.1941667e+01   2.1561520e+01   1.5626080e+01   8.8246880e+00
   2.1958333e+01   2.1043146e+01   1.4746302e+01   9.2725334e+00
   2.1975000e+01   2.1905653e+01   1.5191046e+01   8.8131981e+00
   2.1991667e+01   2.1261509e+01   1.6137020e+01   9.4715986e+00
   2.2008333e+01   2.1874868e+01   1.5932990e+01   9.5119352e+00
   2.2025000e+01   2.0898436e+01   1.5002876e+01   9.9031820e+00
   2.2041667e+01   2.1770657e+01   1.5729487e+01   9.3892269e+00
   2.2058333e+01   2.2433260e+01   1.5531078e+01   9.5447416e+00
   2.2075000e+01   2.1076956e+01   1.5184474e+01   9.4448290e+00
   2.2091667e+01   2.0912788e+01   1.5580761e+01   9.6013546e+00
   2.2108333e+01   2.2098898e+01   1.5450639e+01   9.1830111e+00
   2.2125000e+01  -9.9990000e+03  -9.9990000e+03  -9.9990000e+03
   2.2141667e+01  -9.9990000e+03  -9.9990000e+03  -9.9990000e+03
   2.2158333e+01   3.3283203e+01   2.5590704e+01   1.9163403e+01
   2.2175000e+01   3.3017345e+01   2.5096741e+01   1.9048300e+01
   2.2191667e+01   3.3734982e+01   2.6146740e+01   1.9616573e+01
   2.2208333e+01   3.3318119e+01   2.5670082e+01   1.9880329e+01
   2.2225000e+01   3.3541431e+01   2.5559820e+01   1.9223970e+01
   2.2241667e+01   3.4443665e+01   2.7004299e+01   1.9768192e+01
   2.2258333e+01  -9.9990000e+03  -9.9990000e+03  -9.9990000e+03
   2.2275000e+01  -9.9990000e+03  -9.9990000e+03  -9.9990000e+03
   2.2291667e+01   2.0565826e+01   1.4680014e+01   7.8704405e+00
   2.2308333e+01   2.0796389e+01   1.4389553e+01   8.6549339e+00
   2.2325000e+01   2.0768747e+01   1.4225935e+01   8.0536766e+00
   2.2341667e+01   1.9943071e+01   1.4373775e+01   8.1781569e+00
   2.2358333e+01   2.0093361e+01   1.4573171e+01   8.3716125e+00
   2.2375000e+01   2.0612108e+01   1.4597664e+01   8.2486801e+00
   2.2391667e+01   2.0189985e+01   1.4725489e+01   8.0912704e+00
   2.2408333e+01   2.1219717e+01   1.4426983e+01   8.5630922e+00
   2.2425000e+01   1.9467381e+01   1.4244482e+01   8.1768332e+00
   2.2441667e+01   1.9767521e+01   1.4706905e+01   8.3735771e+00
   2.2458333e+01   1.9960508e+01   1.4141626e+01   8.7564535e+00
   2.2475000e+01   1.9838686e+01   1.4448307e+01   8.5328093e+00
   2.2491667e+01   2.0573301e+01   1.4587432e+01   7.8540115e+00
   2.2508333e+01   2.1055956e+01   1.4603492e+01   7.9360228e+00
   2.2525000e+01   2.0870955e+01   1.4468775e+01   8.4972219e+00
   2.2541667e+01   2.0339643e+01   1.4341934e+01   8.3103628e+00
   2.2558333e+01   2.0832968e+01   1.4257994e+01   8.2932978e+00
   2.2575000e+01   2.0511307e+01   1.4612375e+01   8.4266386e+00
   2.2591667e+01   2.0905806e+01   1.4600255e+01   8.2320461e+00
   2.2608333e+01   2.0716627e+01   1.3711299e+01   8.2742195e+00
   2.2625000e+01   2.0105761e+01   1.4661283e+01   8.0725279e+00
   2.2641667e+01   2.0405624e+01   1.3696393e+01   8.2308760e+00
   2.2658333e+01   2.0135799e+01   1.4692284e+01   7.7964468e+00
   2.2675000e+01   2.0020641e+01   1.4200971e+01   8.6039076e+00
   2.2691667e+01   2.0886354e+01   1.3969511e+01   8.2286396e+00
   2.2708333e+01   1.9631542e+01   1.4453240e+01   8.1089611e+00
   2.2725000e+01   2.1060381e+01   1.4252387e+01   8.3004036e+00
   2.2741667e+01   2.0570343e+01   1.4499667e+01   8.2434883e+00
   2.2758333e+01   2.0788429e+01   1.4474195e+01   8.1243773e+00
   2.2775000e+01   2.0629950e+01   1.4171949e+01   8.3030205e+00
   2.2791667e+01   2.0852882e+01   1.4663622e+01   7.6120949e+00
   2.2808333e+01   2.0532944e+01   1.3646897e+01   8.2558813e+00
   2.2825000e+01   2.0511440e+01   1.4447540e+01   7.9896111e+00
   2.2841667e+01   2.1447889e+01   1.4353868e+01   8.7896109e+00
   2.2858333e+01   2.0603455e+01   1.4386902e+01   7.9154191e+00
   2.2875000e+01   2.0147711e+01   1.4107809e+01   8.2254305e+00
   2.2891667e+01   2.0552423e+01   1.4387625e+01   8.4009809e+00
   2.2908333e+01   2.1051918e+01   1.4752728e+01   7.8971896e+00
   2.2925000e+01   2.0526821e+01   1.4387066e+01   8.4101067e+00
   2.2941667e+01   1.9819740e+01   1.4836793e+01   8.2867317e+00
   2.2958333e+01   2.0968531e+01   1.4281435e+01   8.6594105e+00
   2.2975000e+01   2.0796003e+01   1.4359030e+01   7.7559814e+00
   2.2991667e+01   2.0426241e+01   1.5078484e+01   8.4578409e+00
   2.3008333e+01  -9.9990000e+03  -9.9990000e+03  -9.9990000e+03
   2.3025000e+01   3.3135998e+01   2.5924665e+01   1.9832439e+01
   2.3041667e+01   3.3644173e+01   2.5808674e+01   1.9412741e+01
   2.3058333e+01   3.2389240e+01   2.5225851e+01   1.9184174e+01
   2.3075000e+01   3.2991154e+01   2.4939823e+01   1.9237656e+01
   2.3091667e+01   3.3832550e+01   2.5942776e+01   1.8649807e+01
   2.3108333e+01   3.2644978e+01   2.4760239e+01   1.8276022e+01
   2.3125000e+01  -9.9990000e+03  -9.9990000e+03  -9.9990000e+03
   2.3141667e+01  -9.9990000e+03  -9.9990000e+03  -9.9990000e+03
   2.3158333e+01   2.0803976e+01   1.3726245e+01   9.1378241e+00
   2.3175000e+01   2.1041849e+01   1.4620889e+01   8.7888117e+00
   2.3191667e+01   2.0767920e+01   1.4265969e+01   8.1572466e+00
   2.3208333e+01   2.1798153e+01   1.3891657e+01   8.0072050e+00
   2.3225000e+01   2.0954674e+01   1.4953965e+01   8.6195803e+00
   2.3241667e+01   2.0730600e+01   1.3942677e+01   8.6391907e+00
   2.3258333e+01  -9.9990000e+03  -9.9990000e+03  -9.9990000e+03
   2.3275000e+01   3.4945232e+01   2.6054234e+01   1.8582516e+01
   2.3291667e+01   3.3651733e+01   2.5459066e+01   1.8662693e+01
   2.3308333e+01   3.3388927e+01   2.5411554e+01   1.8818909e+01
   2.3325000e+01   3.3005989e+01   2.5427597e+01   1.9133955e+01
   2.3341667e+01   3.3098698e+01   2.5406551e+01   1.8912378e+01
   2.3358333e+01   3.2629082e+01   2.5260504e+01   1.9285627e+01
   2.3375000e+01   3.2812355e+01   2.5305933e+01   1.8923746e+01
   2.3391667e+01   3.2988895e+01   2.5664951e+01   1.8996841e+01
   2.3408333e+01   3.3105900e+01   2.5485224e+01   1.8923012e+01
   2.3425000e+01   3.3356358e+01   2.5339350e+01   1.8882957e+01
   2.3441667e+01   3.3694576e+01   2.6152136e+01   2.0189535e+01
   2.3458333e+01   3.3226116e+01   2.5605684e+01   1.9281000e+01
   2.3475000e+01   3.3305801e+01   2.5536066e+01   1.8843863e+01
   2.3491667e+01   3.3282360e+01   2.5487661e+01   1.9734030e+01
   2.3508333e+01   3.3838318e+01   2.6200394e+01   1.9943645e+01
   2.3525000e+01   3.3910946e+01   2.6017473e+01   1.9586451e+01
   2.3541667e+01   3.3041767e+01   2.5918030e+01   1.9544697e+01
   2.3558333e+01   3.3611294e+01   2.5595057e+01   1.8915094e+01
   2.3575000e+01   3.3149502e+01   2.5488691e+01   1.8489275e+01
   2.3591667e+01   3.2992252e+01   2.4814985e+01   1.8921551e+01
   2.3608333e+01   3.2619034e+01   2.5388744e+01   1.9860975e+01
   2.3625000e+01   3.3301712e+01   2.5422419e+01   1.9151320e+01
   2.3641667e+01   3.2938511e+01   2.4928242e+01   1.8079887e+01
   2.3658333e+01   3.3248627e+01   2.5519186e+01   1.9423429e+01
   2.3675000e+01   3.2941212e+01   2.5356489e+01   1.8971067e+01
   2.3691667e+01   3.3858334e+01   2.5752533e+01   1.8781857e+01
   2.3708333e+01   3.3500423e+01   2.5858015e+01   1.9343559e+01
   2.3725000e+01   3.4013809e+01   2.6101891e+01   2.0252214e+01
   2.3741667e+01   3.4166527e+01   2.6766617e+01   2.0485535e+01
   2.3758333e+01   3.4671265e+01   2.7489542e+01   2.1289082e+01
   2.3775000e+01   3.5128025e+01   2.7243315e+01   2.0225796e+01
   2.3791667e+01   3.4827633e+01   2.6977407e+01   2.0728130e+01
   2.3808333e+01   3.6533020e+01   2.8111423e+01   2.0517897e+01
   2.3825000e+01   3.6976994e+01   2.8406015e+01   2.1179060e+01
   2.3841667e+01   3.5344185e+01   2.7426195e+01   2.0693718e+01
   2.3858333e+01   3.5693306e+01   2.7128242e+01   2.0500265e+01
   2.3875000e+01   3.6109966e+01   2.7744415e+01   2.0812294e+01
   2.3891667e+01   3.6035309e+01   2.7472887e+01   2.0616222e+01
   2.3908333e+01   3.6813503e+01   2.7772551e+01   2.0617752e+01
   2.3925000e+01   3.6018063e+01   2.8067579e+01   2.1383226e+01
   2.3941667e+01   3.5907558e+01   2.7877653e+01   2.0903418e+01
   2.3958333e+01   3.5522083e+01   2.7749966e+01   2.0838686e+01
   2.3975000e+01   3.6515724e+01   2.7981922e+01   2.0723484e+01
   2.3991667e+01   3.6153442e+01   2.8194565e+01   2.1172211e+01
   